% MATLAB - BARON Interface [J.Currie I2C2]
% Interface Version: v1.39 [22/05/12]
% File Generated: 22-May-2012 13:45:11
% Model: oil2

% Objective
fun = @(x)x(937);

% Bounds
lb = [0,0,0,0,0,0,-Inf,-Inf,0.0001,-Inf,-Inf,-Inf,0.304848028396392,0.304848028396392,0.30173945215875,0.318611852052446,0.305013588724659,0.361918944424724,0.410210774482987,0.41264628752749,0.508249240082343,0.510806995938683,0.534680357258337,0.510806995938683,0.505735316910731,0.527766645862059,0.518222319674251,0.525416193131902,0.520644388275592,0.515775650512122,0.515775650512122,0.497927507385146,0.495269796903008,0.497927507385146,0.519436405797368,0.515775650512122,0.527766645862059,0.527766645862059,0.508284233717456,0.513304004080218,0.525416193131902,0.523042225487625,0.530093931340438,0.534680357258337,0.464063116526874,0.45487098678301,0.384491646500302,0.374395496980445,0.342016916470127,0.353175855563212,0.277172154140608,0.293245513374896,0.332808667198419,0.350974450463775,0.350974450463775,0.328107211771419,0.346526378526347,0.337444784549196,0.342016916470127,0.271650660798583,0.285299193323341,0.271650660798583,0.170237195271158,0.224244297340875,0.224244297340875,0.230504851978375,0.254568183262782,0.263208422834698,0.248694555648072,0.159262624989958,0.116412244732788,0.116412244732788,0.23666516689834,0.191348665203383,0.103957015082849,0.144170176083204,0.124525129750772,0.147993860953182,0.0689593202550481,0.108147591699984,0.116412244732788,0.124525129750772,0.132490389208468,0.155539637510883,0.147993860953182,0.147993860953182,0.132490389208468,0.116412244732788,0.108147591699984,0.0997268717483965,0.112299154147609,0.0779625670969211,0.0867933572026711,0.0911456220683914,0.147993860953182,0.147993860953182,0.116412244732788,0.124525129750772,0.0625977678568712,0.0625977678568712,0.0804470182693741,0.0589444413706823,0.066222838454659,0.0769317554119745,0.0625977678568712,0.0733895131568885,0.0733895131568885,0.0733895131568885,0.0698199797101192,0.0733272446284424,0.0787219481606655,0.0787939795984357,0.0662792482297574,0.0577454623312076,0.0577454623312076,0.0534265209437591,0.0534265209437591,0.0329838566708307,0.0329838566708307,0.0329838566708307,0.0287889066200634,0.0159828029604102,0.0494074267498627,0.0652824453509275,0.0730227650534192,0.0453540573599695,0.0730227650534192,0.0534265209437591,0.0730227650534192,0.0652824453509275,0.0613636081435711,0.041265972443569,0.041265972443569,0.041265972443569,0.0428488639681441,0.0428488639681441,0.0406914219637423,0.0406914219637423,-Inf,0,0,0,0,0,0,0,0,0,0,0,0,0,0,0,0,0,0,0,0,0,0,0,0,0,0,0,0,0,0,0,0,0,0,0,0,0,0,0,0,0,0,0,0,0,0,0,0,0,0,0,0,0,0,0,0,0,0,0,0,0,0,0,0,0,0,0,0,0,0,0,0,0,0,0,0,0,0,0,0,0,0,0,0,0,0,0,0,0,0,0,0,0,0,0,0,0,0,0,0,0,0,0,0,0,0,0,0,0,0,0,0,0,0,0,0,0,0,0,0,0,0,0,0,0,0,-Inf,0.000109105691056911,0.000109105691056911,0.000109105691056911,0.000110081300813008,0.000110081300813008,0.000110081300813008,0.000110081300813008,0.000110081300813008,0.000167669376693767,0.000167669376693767,0.000167669376693767,0.000167669376693767,0.000167669376693767,0.000167669376693767,0.000167669376693767,0.000167669376693767,0.000167669376693767,0.000167669376693767,0.000167669376693767,0.000167669376693767,0.000167669376693767,0.000167669376693767,0.000167669376693767,0.000167669376693767,0.000167669376693767,0.000167669376693767,0.000167669376693767,0.000167669376693767,0.000167669376693767,0.000167669376693767,0.000167669376693767,0.000167669376693767,0.000167669376693767,0.000167669376693767,0.000167669376693767,0.000167669376693767,0.000167669376693767,0.000167669376693767,0.000167669376693767,0.000167669376693767,0.000167669376693767,0.000167669376693767,0.000167669376693767,0.000167669376693767,0.000167669376693767,0.000167669376693767,0.000167669376693767,0.000167669376693767,0.000167669376693767,0.000167669376693767,0.000167669376693767,0.000167669376693767,0.000167669376693767,0.000167669376693767,0.000167669376693767,0.000167669376693767,0.000167669376693767,0.000167669376693767,0.000167669376693767,0.000167669376693767,0.000167669376693767,0.000167669376693767,0.000167669376693767,0.000167669376693767,0.000167669376693767,0.000167669376693767,0.000167669376693767,0.000167669376693767,0.000167669376693767,0.000167669376693767,0.000167669376693767,0.000167669376693767,0.000167669376693767,0.000167669376693767,0.000167669376693767,0.000167669376693767,0.000167669376693767,0.000167669376693767,0.000167669376693767,0.000167669376693767,0.000167669376693767,0.000167669376693767,0.000167669376693767,0.000167669376693767,0.000167669376693767,0.000167669376693767,0.000326829268292683,0.000326829268292683,0.000326829268292683,0.000326829268292683,0.000326829268292683,0.000326829268292683,0.000326829268292683,0.000326829268292683,0.000326829268292683,0.000326829268292683,0.000326829268292683,0.000326829268292683,0.00250569105691057,0.00250569105691057,0.00250569105691057,0.00250569105691057,0.00250569105691057,0.00248034327009937,0.00248034327009937,0.00248034327009937,0.00248034327009937,0.00248034327009937,0.00248034327009937,0.00248034327009937,0.00248034327009937,0.00248034327009937,0.00248034327009937,0.00248034327009937,0.00248034327009937,0.00248034327009937,0.00248034327009937,0.00248034327009937,0.00248034327009937,0.00248034327009937,0.00248034327009937,0.00248034327009937,0.000808807588075881,0.000808807588075881,0.000323523035230352,0.000323523035230352,0.000271544715447154,0,0,0,0,0,0,0,0,0,0,0,0,0,0,0,0,0,0,0,0,0,0,0,0,0,0,0,0,0,0,0,0,0,0,0,0,0,0,0,0,0,0,0,0,0,0,0,0,0,0,0,0,0,0,0,0,0,0,0,0,0,0,0,0,0,0,0,0,0,0,0,0,0,0,0,0,0,0,0,0,0,0,0,0,0,0,0,0,0,0,0,0,0,0,0,0,0,0,0,0,0,0,0,0,0,0,0,0,0,0,0,0,0,0,0,0,0,0,0,0,0,0,0,0,0,0,0,0,0,0,0,0,0,0,0,0,0,0,0,0,0,0,0,0,0,0,0,0,0,0,0,0,0,0,0,0,0,0,0,0,0,0,0,0,0,0,0,0,0,0,0,0,0,0,0,0,0,0,0,0,0,0,0,0,0,0,0,0,0,0,0,0,0,0,0,0,0,0,0,0,0,0,0,0,0,0,0,0,0,0,0,0,0,0,0,0,0,0,0,0,0,0,0,0,0,0,0,0,0,0,0,0,0,0,0,0,0,0,0,0,0,0,0,0,0,0,0,0,0,0,0,0,0,0,0,0,0.7,0.7,0,0,0,0,0,0.00125,0.00125,0,0,0,0,0,0,0,0,0,0,0,0,0,1,0.0001,0.0001,0.0001,0.0001,0.0001,0.0001,0.0001,0.0001,0.0001,0.0001,0.0001,0.0001,0.0001,0.0001,0.0001,0.0001,0.0001,0.0001,0.0001,0.0001,0.0001,0.0001,0.0001,0.0001,0.0001,0.0001,0.0001,0.0001,0.0001,0.0001,0.0001,0.0001,0.0001,0.0001,0.0001,0.0001,0.0001,0.0001,0.0001,0.0001,0.0001,0.0001,0.0001,0.0001,0.0001,0.0001,0.0001,0.0001,0.0001,0.0001,0.0001,0.0001,0.0001,0.0001,0.0001,0.0001,0.0001,0.0001,0.0001,0.0001,0.0001,0.0001,0.0001,0.0001,0.0001,0.0001,0.0001,0.0001,0.0001,0.0001,0.0001,0.0001,0.0001,0.0001,0.0001,0.0001,0.0001,0.0001,0.0001,0.0001,0.0001,0.0001,0.0001,0.0001,0.0001,0.0001,0.0001,0.0001,0.0001,0.0001,0.0001,0.0001,0.0001,0.0001,0.0001,0.0001,0.0001,0.0001,0.0001,0.0001,0.0001,0.0001,0.0001,0.0001,0.0001,0.0001,0.0001,0.0001,0.0001,0.0001,0.0001,0.0001,0.0001,0.0001,0.0001,0.0001,0.0001,0.0001,0.0001,0.0001,0.0001,0.0001,0.0001,0.0001,0.0001,0.0001,0.0001,0,0,0,0,0,0,0,0,0,0,0,0,0,0,0,0,0,0,0.1,0.1,0,0,0,0,0,0,0,0,0,0,0,0,0,0,0,0,0,0,0,0,0,0,0,0,0,0.5,0.5,0,0,0,0,0,0,0,0,0,0,0,0,0,0,0,0,0,0,0,0,0,0,0,0,0,0,0,0,0,0,0,0,0,0,0,0,0,0,0,0,0,0,0,0,0,0,0,0,0,0,0,0,0.00016260162601626,0.00016260162601626,0,0,0,0,0,0,0,0.0001,0.0001,0.0001,0.0001,0.0001,0.0001,0.0001,0.0001,0.0001,0.0001,0.0001,0.0001,0.0001,0.0001,0.0001,0.0001,0,0,0,0,0,0.00018970189701897,0,0,0,0,0,0.0001,0.0001,-Inf]';
