% MATLAB - BARON Interface [J.Currie I2C2]
% Interface Version: v1.39 [22/05/12]
% File Generated: 22-May-2012 14:03:38
% Model: tln12

% Objective
fun = @(x)0.1*x(1)+0.2*x(2)+0.3*x(3)+0.4*x(4)+0.5*x(5)+0.6*x(6)+0.7*x(7)+0.8*x(8)+0.9*x(9)+x(10)+1.1*x(11)+1.2*x(12)+x(13)+x(14)+x(15)+x(16)+x(17)+x(18)+x(19)+x(20)+x(21)+x(22)+x(23)+x(24);

% Bounds
lb = [-Inf,-Inf,-Inf,-Inf,-Inf,-Inf,-Inf,-Inf,-Inf,-Inf,-Inf,-Inf,0,0,0,0,0,0,0,0,0,0,0,0,0,0,0,0,0,0,0,0,0,0,0,0,0,0,0,0,0,0,0,0,0,0,0,0,0,0,0,0,0,0,0,0,0,0,0,0,0,0,0,0,0,0,0,0,0,0,0,0,0,0,0,0,0,0,0,0,0,0,0,0,0,0,0,0,0,0,0,0,0,0,0,0,0,0,0,0,0,0,0,0,0,0,0,0,0,0,0,0,0,0,0,0,0,0,0,0,0,0,0,0,0,0,0,0,0,0,0,0,0,0,0,0,0,0,0,0,0,0,0,0,0,0,0,0,0,0,0,0,0,0,0,0,0,0,0,0,0,0,0,0,0,0,0,0]';
ub = [Inf,Inf,Inf,Inf,Inf,Inf,Inf,Inf,Inf,Inf,Inf,Inf,48,48,48,48,48,48,48,48,48,48,48,48,5,5,5,5,5,5,5,5,5,5,5,5,5,5,5,5,5,5,5,5,5,5,5,5,5,5,5,5,5,5,5,5,5,5,5,5,5,5,5,5,5,5,5,5,5,5,5,5,5,5,5,5,5,5,5,5,5,5,5,5,5,5,5,5,5,5,5,5,5,5,5,5,5,5,5,5,5,5,5,5,5,5,5,5,5,5,5,5,5,5,5,5,5,5,5,5,5,5,5,5,5,5,5,5,5,5,5,5,5,5,5,5,5,5,5,5,5,5,5,5,5,5,5,5,5,5,5,5,5,5,5,5,5,5,5,5,5,5,5,5,5,5,5,5]';

% Constraints
nlcon = @(x)[350*x(25)+450*x(37)+550*x(49)+650*x(61)+700*x(73)+740*x(85)+800*x(97)+840*x(109)+910*x(121)+960*x(133)+1010*x(145)+1060*x(157);
             350*x(26)+450*x(38)+550*x(50)+650*x(62)+700*x(74)+740*x(86)+800*x(98)+840*x(110)+910*x(122)+960*x(134)+1010*x(146)+1060*x(158);
             350*x(27)+450*x(39)+550*x(51)+650*x(63)+700*x(75)+740*x(87)+800*x(99)+840*x(111)+910*x(123)+960*x(135)+1010*x(147)+1060*x(159);
             350*x(28)+450*x(40)+550*x(52)+650*x(64)+700*x(76)+740*x(88)+800*x(100)+840*x(112)+910*x(124)+960*x(136)+1010*x(148)+1060*x(160);
             350*x(29)+450*x(41)+550*x(53)+650*x(65)+700*x(77)+740*x(89)+800*x(101)+840*x(113)+910*x(125)+960*x(137)+1010*x(149)+1060*x(161);
             350*x(30)+450*x(42)+550*x(54)+650*x(66)+700*x(78)+740*x(90)+800*x(102)+840*x(114)+910*x(126)+960*x(138)+1010*x(150)+1060*x(162);
             350*x(31)+450*x(43)+550*x(55)+650*x(67)+700*x(79)+740*x(91)+800*x(103)+840*x(115)+910*x(127)+960*x(139)+1010*x(151)+1060*x(163);
             350*x(32)+450*x(44)+550*x(56)+650*x(68)+700*x(80)+740*x(92)+800*x(104)+840*x(116)+910*x(128)+960*x(140)+1010*x(152)+1060*x(164);
             350*x(33)+450*x(45)+550*x(57)+650*x(69)+700*x(81)+740*x(93)+800*x(105)+840*x(117)+910*x(129)+960*x(141)+1010*x(153)+1060*x(165);
             350*x(34)+450*x(46)+550*x(58)+650*x(70)+700*x(82)+740*x(94)+800*x(106)+840*x(118)+910*x(130)+960*x(142)+1010*x(154)+1060*x(166);
             350*x(35)+450*x(47)+550*x(59)+650*x(71)+700*x(83)+740*x(95)+800*x(107)+840*x(119)+910*x(131)+960*x(143)+1010*x(155)+1060*x(167);
             350*x(36)+450*x(48)+550*x(60)+650*x(72)+700*x(84)+740*x(96)+800*x(108)+840*x(120)+910*x(132)+960*x(144)+1010*x(156)+1060*x(168);
             -350*x(25)-450*x(37)-550*x(49)-650*x(61)-700*x(73)-740*x(85)-800*x(97)-840*x(109)-910*x(121)-960*x(133)-1010*x(145)-1060*x(157);
             -350*x(26)-450*x(38)-550*x(50)-650*x(62)-700*x(74)-740*x(86)-800*x(98)-840*x(110)-910*x(122)-960*x(134)-1010*x(146)-1060*x(158);
             -350*x(27)-450*x(39)-550*x(51)-650*x(63)-700*x(75)-740*x(87)-800*x(99)-840*x(111)-910*x(123)-960*x(135)-1010*x(147)-1060*x(159);
             -350*x(28)-450*x(40)-550*x(52)-650*x(64)-700*x(76)-740*x(88)-800*x(100)-840*x(112)-910*x(124)-960*x(136)-1010*x(148)-1060*x(160);
             -350*x(29)-450*x(41)-550*x(53)-650*x(65)-700*x(77)-740*x(89)-800*x(101)-840*x(113)-910*x(125)-960*x(137)-1010*x(149)-1060*x(161);
             -350*x(30)-450*x(42)-550*x(54)-650*x(66)-700*x(78)-740*x(90)-800*x(102)-840*x(114)-910*x(126)-960*x(138)-1010*x(150)-1060*x(162);
             -350*x(31)-450*x(43)-550*x(55)-650*x(67)-700*x(79)-740*x(91)-800*x(103)-840*x(115)-910*x(127)-960*x(139)-1010*x(151)-1060*x(163);
             -350*x(32)-450*x(44)-550*x(56)-650*x(68)-700*x(80)-740*x(92)-800*x(104)-840*x(116)-910*x(128)-960*x(140)-1010*x(152)-1060*x(164);
             -350*x(33)-450*x(45)-550*x(57)-650*x(69)-700*x(81)-740*x(93)-800*x(105)-840*x(117)-910*x(129)-960*x(141)-1010*x(153)-1060*x(165);
             -350*x(34)-450*x(46)-550*x(58)-650*x(70)-700*x(82)-740*x(94)-800*x(106)-840*x(118)-910*x(130)-960*x(142)-1010*x(154)-1060*x(166);
             -350*x(35)-450*x(47)-550*x(59)-650*x(71)-700*x(83)-740*x(95)-800*x(107)-840*x(119)-910*x(131)-960*x(143)-1010*x(155)-1060*x(167);
             -350*x(36)-450*x(48)-550*x(60)-650*x(72)-700*x(84)-740*x(96)-800*x(108)-840*x(120)-910*x(132)-960*x(144)-1010*x(156)-1060*x(168);
             x(25)+x(37)+x(49)+x(61)+x(73)+x(85)+x(97)+x(109)+x(121)+x(133)+x(145)+x(157);
             x(26)+x(38)+x(50)+x(62)+x(74)+x(86)+x(98)+x(110)+x(122)+x(134)+x(146)+x(158);
             x(27)+x(39)+x(51)+x(63)+x(75)+x(87)+x(99)+x(111)+x(123)+x(135)+x(147)+x(159);
             x(28)+x(40)+x(52)+x(64)+x(76)+x(88)+x(100)+x(112)+x(124)+x(136)+x(148)+x(160);
             x(29)+x(41)+x(53)+x(65)+x(77)+x(89)+x(101)+x(113)+x(125)+x(137)+x(149)+x(161);
             x(30)+x(42)+x(54)+x(66)+x(78)+x(90)+x(102)+x(114)+x(126)+x(138)+x(150)+x(162);
             x(31)+x(43)+x(55)+x(67)+x(79)+x(91)+x(103)+x(115)+x(127)+x(139)+x(151)+x(163);
             x(32)+x(44)+x(56)+x(68)+x(80)+x(92)+x(104)+x(116)+x(128)+x(140)+x(152)+x(164);
             x(33)+x(45)+x(57)+x(69)+x(81)+x(93)+x(105)+x(117)+x(129)+x(141)+x(153)+x(165);
             x(34)+x(46)+x(58)+x(70)+x(82)+x(94)+x(106)+x(118)+x(130)+x(142)+x(154)+x(166);
             x(35)+x(47)+x(59)+x(71)+x(83)+x(95)+x(107)+x(119)+x(131)+x(143)+x(155)+x(167);
             x(36)+x(48)+x(60)+x(72)+x(84)+x(96)+x(108)+x(120)+x(132)+x(144)+x(156)+x(168);
             x(1)-x(13);
             x(2)-x(14);
             x(3)-x(15);
             x(4)-x(16);
             x(5)-x(17);
             x(6)-x(18);
             x(7)-x(19);
             x(8)-x(20);
             x(9)-x(21);
             x(10)-x(22);
             x(11)-x(23);
             x(12)-x(24);
             -48*x(1)+x(13);
             -48*x(2)+x(14);
             -48*x(3)+x(15);
             -48*x(4)+x(16);
             -48*x(5)+x(17);
             -48*x(6)+x(18);
             -48*x(7)+x(19);
             -48*x(8)+x(20);
             -48*x(9)+x(21);
             -48*x(10)+x(22);
             -48*x(11)+x(23);
             -48*x(12)+x(24);
             -(x(13)*x(25)+x(14)*x(26)+x(15)*x(27)+x(16)*x(28)+x(17)*x(29)+x(18)*x(30)+x(19)*x(31)+x(20)*x(32)+x(21)*x(33)+x(22)*x(34)+x(23)*x(35)+x(24)*x(36));
             -(x(13)*x(37)+x(14)*x(38)+x(15)*x(39)+x(16)*x(40)+x(17)*x(41)+x(18)*x(42)+x(19)*x(43)+x(20)*x(44)+x(21)*x(45)+x(22)*x(46)+x(23)*x(47)+x(24)*x(48));
             -(x(13)*x(49)+x(14)*x(50)+x(15)*x(51)+x(16)*x(52)+x(17)*x(53)+x(18)*x(54)+x(19)*x(55)+x(20)*x(56)+x(21)*x(57)+x(22)*x(58)+x(23)*x(59)+x(24)*x(60));
             -(x(13)*x(61)+x(14)*x(62)+x(15)*x(63)+x(16)*x(64)+x(17)*x(65)+x(18)*x(66)+x(19)*x(67)+x(20)*x(68)+x(21)*x(69)+x(22)*x(70)+x(23)*x(71)+x(24)*x(72));
             -(x(13)*x(73)+x(14)*x(74)+x(15)*x(75)+x(16)*x(76)+x(17)*x(77)+x(18)*x(78)+x(19)*x(79)+x(20)*x(80)+x(21)*x(81)+x(22)*x(82)+x(23)*x(83)+x(24)*x(84));
             -(x(13)*x(85)+x(14)*x(86)+x(15)*x(87)+x(16)*x(88)+x(17)*x(89)+x(18)*x(90)+x(19)*x(91)+x(20)*x(92)+x(21)*x(93)+x(22)*x(94)+x(23)*x(95)+x(24)*x(96));
             -(x(13)*x(97)+x(14)*x(98)+x(15)*x(99)+x(16)*x(100)+x(17)*x(101)+x(18)*x(102)+x(19)*x(103)+x(20)*x(104)+x(21)*x(105)+x(22)*x(106)+x(23)*x(107)+x(24)*x(108));
             -(x(13)*x(109)+x(14)*x(110)+x(15)*x(111)+x(16)*x(112)+x(17)*x(113)+x(18)*x(114)+x(19)*x(115)+x(20)*x(116)+x(21)*x(117)+x(22)*x(118)+x(23)*x(119)+x(24)*x(120));
             -(x(13)*x(121)+x(14)*x(122)+x(15)*x(123)+x(16)*x(124)+x(17)*x(125)+x(18)*x(126)+x(19)*x(127)+x(20)*x(128)+x(21)*x(129)+x(22)*x(130)+x(23)*x(131)+x(24)*x(132));
             -(x(13)*x(133)+x(14)*x(134)+x(15)*x(135)+x(16)*x(136)+x(17)*x(137)+x(18)*x(138)+x(19)*x(139)+x(20)*x(140)+x(21)*x(141)+x(22)*x(142)+x(23)*x(143)+x(24)*x(144));
