% This BARON input file was generated by the MATLAB/BARON interface.
% The BARON/MATLAB interface was developed by J. Currie.  The interface
% is provided free of charge and with no warranties from The Optimization
% Firm, http://www.minlp.com.
% Interface version: v1.51 [17-Dec-2013]
% File generated: 30-May-2015 13:22:05
% Model: inf_mip_100

% Objective
fun = @(x)x(1)+x(2)+x(3)-15*x(7)+x(12)+x(13)+x(15)+x(16)+15;

% Bounds
lb = [0,0,0,-0.5,0,0,1,0.9,0.9,0.9,0,0,0,0,0,0,-0.523598776,-0.523598776,-0.523598776,0,0,0,0,0,0,0,0,0,0,0,0,0,0,0,0,0,0,0,0,0,0,0,0,0.78239991906,0.78239991906,0.78239991906,-0.209643426690187,-0.209643426690187,-0.209643426690187,0.81,0.81,0.81,0.965925826,0.965925826,0.965925826,-0.261799388,-0.261799388,-0.261799388,-Inf,-Inf,-Inf,-Inf,-Inf,-Inf,-Inf,-Inf,-Inf,-Inf,-Inf,-Inf,-Inf,-Inf,-Inf,-Inf,-Inf,-Inf,-Inf,-Inf,-Inf,-Inf,-Inf,-Inf,-Inf,-Inf,-Inf,-0.4,-0.4,-0.4,-0.36,-0.36,-0.36,-12.5,-12.5,-12.5,-12.5,-12.5,-12.5,-0.41724836318645,-0.42760008094,-0.42760008094,-0.41724836318645,-0.41724836318645,-0.42760008094,-0.42760008094,-0.41724836318645,-0.41724836318645,-0.42760008094,-0.42760008094,-0.41724836318645,-0.407040749137003,-0.424178025484281,-0.424178025484281,-0.407040749137003,-0.407040749137003,-0.424178025484281,-0.424178025484281,-0.407040749137003,-0.407040749137003,-0.424178025484281,-0.424178025484281,-0.407040749137003,-0.427600080747962,-0.406929662297831,-0.406929662297831,-0.427600080747962,-0.427600080747962,-0.406929662297831,-0.406929662297831,-0.427600080747962,-0.427600080747962,-0.406929662297831,-0.406929662297831,-0.427600080747962,-0.427600080747962,-0.406929662297831,-0.406929662297831,-0.427600080747962,-0.427600080747962,-0.406929662297831,-0.406929662297831,-0.427600080747962,-0.427600080747962,-0.406929662297831,-0.406929662297831,-0.427600080747962,0.0547739551898128,-0.0512547969501873,-0.368032056430187,-0.526420686170187,0.0547739551898128,-0.0512547969501873,-0.368032056430187,-0.526420686170187,0.0547739551898128,-0.0512547969501873,-0.368032056430187,-0.526420686170187,0.00241407758981271,-0.103614674550187,-0.315672178830187,-0.474060808570187,0.00241407758981271,-0.103614674550187,-0.315672178830187,-0.474060808570187,0.00241407758981271,-0.103614674550187,-0.315672178830187,-0.474060808570187,-0.471559674548798,-0.313171044808798,-0.313171044808798,-0.207142292668798,-0.471559674548798,-0.313171044808798,-0.313171044808798,-0.207142292668798,-0.471559674548798,-0.313171044808798,-0.313171044808798,-0.207142292668798,-0.471559674548798,-0.313171044808798,-0.313171044808798,-0.207142292668798,-0.471559674548798,-0.313171044808798,-0.313171044808798,-0.207142292668798,-0.471559674548798,-0.313171044808798,-0.313171044808798,-0.207142292668798,0,0,0,0,0,0,0,0,0,0,0,0,0,0,0,0,0,0,0,0,0,0,0,0,0,0,0,0,0,0,0,0,0,0,0,0,0,0,0,0,0,0,0,0,0,0,0,0,0,0,0,0,0,0,0,0,0,0,0,0,0,0,0,0,0,0,0,0,0,0,0,0,0,0,0,0,0,0,0,0,0,0,0,0,0,0,0,0,0,0,0,0,0,0,0,0,0,0,0,0,0,0,0,0,0,0,0,0,0,0,0,0,0,0,0,0,0,0,0,0,0,0,0,0,0,0]';
ub = [10,0,0,2,0.5,0,1,1.1,1.1,1.1,0,0,0,0,0,0,0.523598776,0.523598776,0.523598776,5,5,5,5,5,5,5,5,5,5,5,5,5,5,5,5,5,5,5,5,5,5,5,5,1.21,1.21,1.21,0.313171044808798,0.313171044808798,0.313171044808798,1.21,1.21,1.21,1,1,1,0.261799388,0.261799388,0.261799388,Inf,Inf,Inf,Inf,Inf,Inf,Inf,Inf,Inf,Inf,Inf,Inf,Inf,Inf,Inf,Inf,Inf,Inf,Inf,Inf,Inf,Inf,Inf,Inf,Inf,Inf,Inf,12.54,12.54,12.54,12.5,12.5,12.5,0.4,0.4,0.4,0.4,0.4,0.4,12.5378076947974,12.5103517177536,12.5103517177536,12.5378076947974,12.5378076947974,12.5103517177536,12.5103517177536,12.5378076947974,12.5378076947974,12.5103517177536,12.5103517177536,12.5378076947974,12.527600080748,12.5069296622978,12.5069296622978,12.527600080748,12.527600080748,12.5069296622978,12.5069296622978,12.527600080748,12.527600080748,12.5069296622978,12.5069296622978,12.527600080748,12.5172483631865,12.52760008094,12.52760008094,12.5172483631865,12.5172483631865,12.52760008094,12.52760008094,12.5172483631865,12.5172483631865,12.52760008094,12.52760008094,12.5172483631865,12.5172483631865,12.52760008094,12.52760008094,12.5172483631865,12.5172483631865,12.52760008094,12.52760008094,12.5172483631865,12.5172483631865,12.52760008094,12.52760008094,12.5172483631865,3.6393322693488,3.4809436396088,3.5333035172088,3.4272747650688,3.6393322693488,3.4809436396088,3.5333035172088,3.4272747650688,3.6393322693488,3.4809436396088,3.5333035172088,3.4272747650688,3.6916921469488,3.5333035172088,3.4809436396088,3.3749148874688,3.6916921469488,3.5333035172088,3.4809436396088,3.3749148874688,3.6916921469488,3.5333035172088,3.4809436396088,3.3749148874688,3.16535851721019,3.27138726935019,3.53580465123019,3.69419328097019,3.16535851721019,3.27138726935019,3.53580465123019,3.69419328097019,3.16535851721019,3.27138726935019,3.53580465123019,3.69419328097019,3.16535851721019,3.27138726935019,3.53580465123019,3.69419328097019,3.16535851721019,3.27138726935019,3.53580465123019,3.69419328097019,3.16535851721019,3.27138726935019,3.53580465123019,3.69419328097019,0.25,0.25,0.25,0.25,0.25,0.25,0.25,0.25,0.25,0.25,0.25,0.25,0.25,0.25,0.25,0.25,0.25,0.25,0.25,0.25,0.25,0.25,0.25,0.25,0.25,0.25,0.25,0.25,0.25,0.25,1,1,1,1,1,1,1,1,1,1,1,1,1,1,1,1,1,1,1,1,1,1,1,1,1,1,1,1,1,1,1,1,1,1,1,1,1,1,1,1,1,1,1,1,1,1,1,1,1,1,1,1,1,1,1,1,1,1,1,1,1,1,1,1,1,1,1,1,1,1,1,1,1,1,1,1,1,1,1,1,1,1,1,1,1,1,1,1,1,1,1,1,1,1,1,1]';

% Constraints
