% This BARON input file was generated by the MATLAB/BARON interface.
% The BARON/MATLAB interface was developed by J. Currie.  The interface
% is provided free of charge and with no warranties from The Optimization
% Firm, http://www.minlp.com.
% Interface version: v1.51 [17-Dec-2013]
% File generated: 01-Jun-2015 14:35:01
% Model: inf_qcp_3

% Objective
fun = @(x)0.333333333333333*(x(7)*x(7)+x(8)*x(8)+x(9)*x(9))-(0.333333333333333*x(7)+0.333333333333333*x(8)+0.333333333333333*x(9))^2+0.333333333333333*(x(10)*x(10)+x(11)*x(11)+x(12)*x(12))-(0.333333333333333*x(10)+0.333333333333333*x(11)+0.333333333333333*x(12))^2;

% Bounds
lb = [-1,-1,-1,-1,-1,-1,1.99991861979167,1.49999999999999,1.99991861979167,1.99991861979167,1.49999999999999,1.99991861979167]';
ub = [1,1,1,1,1,1,10.0000813802083,10.5,10.0000813802083,8.00008138020833,8.50000000000001,8.00008138020833]';

% Constraints
nlcon = @(x)[x(1)*x(1)+x(4)*x(4);
             x(2)*x(2)+x(5)*x(5);
             x(3)*x(3)+x(6)*x(6);
             x(1)*x(1)+x(4)*x(4);
             x(1)*x(2)+x(4)*x(5);
             x(1)*x(3)+x(4)*x(6);
             x(2)*x(1)+x(5)*x(4);
             x(2)*x(2)+x(5)*x(5);
             x(2)*x(3)+x(5)*x(6);
             x(3)*x(1)+x(6)*x(4);
             x(3)*x(2)+x(6)*x(5);
             x(3)*x(3)+x(6)*x(6);
             x(1)*x(1)+x(4)*x(4);
             x(1)*x(2)+x(4)*x(5);
             x(1)*x(3)+x(4)*x(6);
             x(2)*x(1)+x(5)*x(4);
             x(2)*x(2)+x(5)*x(5);
             x(2)*x(3)+x(5)*x(6);
             x(3)*x(1)+x(6)*x(4);
             x(3)*x(2)+x(6)*x(5);
             x(3)*x(3)+x(6)*x(6);
             x(4)*x(1)-x(4)*x(1);
             x(4)*x(2)-x(5)*x(1);
             x(4)*x(3)-x(6)*x(1);
             x(5)*x(1)-x(4)*x(2);
             x(5)*x(2)-x(5)*x(2);
             x(5)*x(3)-x(6)*x(2);
             x(6)*x(1)-x(4)*x(3);
             x(6)*x(2)-x(5)*x(3);
             x(6)*x(3)-x(6)*x(3);
             x(4)*x(1)-x(4)*x(1);
             x(4)*x(2)-x(5)*x(1);
             x(4)*x(3)-x(6)*x(1);
             x(5)*x(1)-x(4)*x(2);
             x(5)*x(2)-x(5)*x(2);
             x(5)*x(3)-x(6)*x(2);
             x(6)*x(1)-x(4)*x(3);
             x(6)*x(2)-x(5)*x(3);
             x(6)*x(3)-x(6)*x(3);
             (x(7)-x(8))^2+(x(10)-x(11))^2;
             (x(7)-x(9))^2+(x(10)-x(12))^2;
             (x(8)-x(9))^2+(x(11)-x(12))^2;
             (x(7)-x(8))^2+(x(10)-x(11))^2-2.47216796875*x(1)*x(7)-4.944091796875*x(4)*x(7)+2.47216796875*x(1)*x(8)+4.944091796875*x(4)*x(8)-2.47216796875*x(4)*x(10)+4.944091796875*x(1)*x(10)+2.47216796875*x(4)*x(11)-4.944091796875*x(1)*x(11);
             (x(7)-x(9))^2+(x(10)-x(12))^2-2.47216796875*x(1)*x(7)-4.944091796875*x(4)*x(7)+2.47216796875*x(1)*x(9)+4.944091796875*x(4)*x(9)-2.47216796875*x(4)*x(10)+4.944091796875*x(1)*x(10)+2.47216796875*x(4)*x(12)-4.944091796875*x(1)*x(12);
             (x(8)-x(9))^2+(x(11)-x(12))^2-4.42911783854166*x(2)*x(8)-1.365234375*x(5)*x(8)+4.42911783854166*x(2)*x(9)+1.365234375*x(5)*x(9)-4.42911783854166*x(5)*x(11)+1.365234375*x(2)*x(11)+4.42911783854166*x(5)*x(12)-1.365234375*x(2)*x(12);
             (x(7)-x(8))^2+(x(10)-x(11))^2-3.31380208333332*x(1)*x(7)+3.3134765625*x(4)*x(7)+3.31380208333332*x(1)*x(8)-3.3134765625*x(4)*x(8)-3.31380208333332*x(4)*x(10)-3.3134765625*x(1)*x(10)+3.31380208333332*x(4)*x(11)+3.3134765625*x(1)*x(11);
             (x(7)-x(9))^2+(x(10)-x(12))^2-3.31380208333332*x(1)*x(7)+3.3134765625*x(4)*x(7)+3.31380208333332*x(1)*x(9)-3.3134765625*x(4)*x(9)-3.31380208333332*x(4)*x(10)-3.3134765625*x(1)*x(10)+3.31380208333332*x(4)*x(12)+3.3134765625*x(1)*x(12);
             (x(8)-x(9))^2+(x(11)-x(12))^2+3.59164428710938*x(2)*x(8)-1.92501831054687*x(5)*x(8)-3.59164428710938*x(2)*x(9)+1.92501831054687*x(5)*x(9)+3.59164428710938*x(5)*x(11)+1.92501831054687*x(2)*x(11)-3.59164428710938*x(5)*x(12)-1.92501831054687*x(2)*x(12);
             (x(7)-x(8))^2+(x(10)-x(11))^2+3.3134765625*x(1)*x(7)+3.313720703125*x(4)*x(7)-3.3134765625*x(1)*x(8)-3.313720703125*x(4)*x(8)+3.3134765625*x(4)*x(10)-3.313720703125*x(1)*x(10)-3.3134765625*x(4)*x(11)+3.313720703125*x(1)*x(11);
             (x(7)-x(9))^2+(x(10)-x(12))^2+3.3134765625*x(1)*x(7)+3.313720703125*x(4)*x(7)-3.3134765625*x(1)*x(9)-3.313720703125*x(4)*x(9)+3.3134765625*x(4)*x(10)-3.313720703125*x(1)*x(10)-3.3134765625*x(4)*x(12)+3.313720703125*x(1)*x(12);
             (x(8)-x(9))^2+(x(11)-x(12))^2+3.59164428710938*x(2)*x(8)+1.92495727539062*x(5)*x(8)-3.59164428710938*x(2)*x(9)-1.92495727539062*x(5)*x(9)+3.59164428710938*x(5)*x(11)-1.92495727539062*x(2)*x(11)-3.59164428710938*x(5)*x(12)+1.92495727539062*x(2)*x(12);
             (x(7)-x(8))^2+(x(10)-x(11))^2-3.41650390625*x(1)*x(7)-6.832763671875*x(4)*x(7)+3.41650390625*x(1)*x(8)+6.832763671875*x(4)*x(8)-3.41650390625*x(4)*x(10)+6.832763671875*x(1)*x(10)+3.41650390625*x(4)*x(11)-6.832763671875*x(1)*x(11);
             (x(7)-x(9))^2+(x(10)-x(12))^2-3.41650390625*x(1)*x(7)-6.832763671875*x(4)*x(7)+3.41650390625*x(1)*x(9)+6.832763671875*x(4)*x(9)-3.41650390625*x(4)*x(10)+6.832763671875*x(1)*x(10)+3.41650390625*x(4)*x(12)-6.832763671875*x(1)*x(12);
             (x(8)-x(9))^2+(x(11)-x(12))^2-6.78566487630208*x(2)*x(8)-2.15081787109374*x(5)*x(8)+6.78566487630208*x(2)*x(9)+2.15081787109374*x(5)*x(9)-6.78566487630208*x(5)*x(11)+2.15081787109374*x(2)*x(11)+6.78566487630208*x(5)*x(12)-2.15081787109374*x(2)*x(12);
             (x(7)-x(8))^2+(x(10)-x(11))^2+4.42911783854166*x(2)*x(7)+1.365234375*x(5)*x(7)-4.42911783854166*x(2)*x(8)-1.365234375*x(5)*x(8)+4.42911783854166*x(5)*x(10)-1.365234375*x(2)*x(10)-4.42911783854166*x(5)*x(11)+1.365234375*x(2)*x(11);
             (x(7)-x(9))^2+(x(10)-x(12))^2+4.944091796875*x(3)*x(7)-2.47216796875*x(6)*x(7)-4.944091796875*x(3)*x(9)+2.47216796875*x(6)*x(9)+4.944091796875*x(6)*x(10)+2.47216796875*x(3)*x(10)-4.944091796875*x(6)*x(12)-2.47216796875*x(3)*x(12);
             (x(7)-x(8))^2+(x(10)-x(11))^2-3.59164428710938*x(2)*x(7)+1.92501831054687*x(5)*x(7)+3.59164428710938*x(2)*x(8)-1.92501831054687*x(5)*x(8)-3.59164428710938*x(5)*x(10)-1.92501831054687*x(2)*x(10)+3.59164428710938*x(5)*x(11)+1.92501831054687*x(2)*x(11);
             (x(7)-x(9))^2+(x(10)-x(12))^2-3.3134765625*x(3)*x(7)-3.31380208333332*x(6)*x(7)+3.3134765625*x(3)*x(9)+3.31380208333332*x(6)*x(9)-3.3134765625*x(6)*x(10)+3.31380208333332*x(3)*x(10)+3.3134765625*x(6)*x(12)-3.31380208333332*x(3)*x(12);
             (x(7)-x(8))^2+(x(10)-x(11))^2-3.59164428710938*x(2)*x(7)-1.92495727539062*x(5)*x(7)+3.59164428710938*x(2)*x(8)+1.92495727539062*x(5)*x(8)-3.59164428710938*x(5)*x(10)+1.92495727539062*x(2)*x(10)+3.59164428710938*x(5)*x(11)-1.92495727539062*x(2)*x(11);
             (x(7)-x(9))^2+(x(10)-x(12))^2-3.313720703125*x(3)*x(7)+3.3134765625*x(6)*x(7)+3.313720703125*x(3)*x(9)-3.3134765625*x(6)*x(9)-3.313720703125*x(6)*x(10)-3.3134765625*x(3)*x(10)+3.313720703125*x(6)*x(12)+3.3134765625*x(3)*x(12);
             (x(7)-x(8))^2+(x(10)-x(11))^2+6.78566487630208*x(2)*x(7)+2.15081787109374*x(5)*x(7)-6.78566487630208*x(2)*x(8)-2.15081787109374*x(5)*x(8)+6.78566487630208*x(5)*x(10)-2.15081787109374*x(2)*x(10)-6.78566487630208*x(5)*x(11)+2.15081787109374*x(2)*x(11);
             (x(7)-x(9))^2+(x(10)-x(12))^2+6.832763671875*x(3)*x(7)-3.41650390625*x(6)*x(7)-6.832763671875*x(3)*x(9)+3.41650390625*x(6)*x(9)+6.832763671875*x(6)*x(10)+3.41650390625*x(3)*x(10)-6.832763671875*x(6)*x(12)-3.41650390625*x(3)*x(12);
             (x(8)-x(9))^2+(x(11)-x(12))^2+4.944091796875*x(3)*x(8)-2.47216796875*x(6)*x(8)-4.944091796875*x(3)*x(9)+2.47216796875*x(6)*x(9)+4.944091796875*x(6)*x(11)+2.47216796875*x(3)*x(11)-4.944091796875*x(6)*x(12)-2.47216796875*x(3)*x(12);
             (x(8)-x(9))^2+(x(11)-x(12))^2-3.3134765625*x(3)*x(8)-3.31380208333332*x(6)*x(8)+3.3134765625*x(3)*x(9)+3.31380208333332*x(6)*x(9)-3.3134765625*x(6)*x(11)+3.31380208333332*x(3)*x(11)+3.3134765625*x(6)*x(12)-3.31380208333332*x(3)*x(12);
