% This BARON input file was generated by the MATLAB/BARON interface.
% The BARON/MATLAB interface was developed by J. Currie.  The interface
% is provided free of charge and with no warranties from The Optimization
% Firm, http://www.minlp.com.
% Interface version: v1.51 [17-Dec-2013]
% File generated: 01-Jun-2015 14:35:03
% Model: inf_qcp_4

% Objective
fun = @(x)x(17);

% Bounds
lb = [0.76812134,-0.0001,-0.0001,0.22935285,0.64008433,0.9999,-1.0001,0.97321978,1.59486034,4.57096319,1.52777768,2.11498825,8.40501667,3.94668702,1.52776986,5.2962237,0]';
ub = [0.76832134,0.0001,0.0001,0.22955285,0.64028433,1.0001,-0.9999,0.97341978,1.59506034,4.57116319,1.52797768,2.11518825,8.40521667,3.94688702,1.52796986,5.2964237,6]';

% Constraints
nlcon = @(x)[x(1)*x(1)+x(5)*x(5);
             x(2)*x(2)+x(6)*x(6);
             x(3)*x(3)+x(7)*x(7);
             x(4)*x(4)+x(8)*x(8);
             (x(9)-x(10))^2+(x(13)-x(14))^2;
             (x(9)-x(11))^2+(x(13)-x(15))^2;
             (x(9)-x(12))^2+(x(13)-x(16))^2;
             (x(10)-x(11))^2+(x(14)-x(15))^2;
             (x(10)-x(12))^2+(x(14)-x(16))^2;
             (x(11)-x(12))^2+(x(15)-x(16))^2;
             (-2.2618103*x(2)-0.53391457*x(6)+x(9)-x(10))^2+(0.53391457*x(2)-2.2618103*x(6)+x(13)-x(14))^2;
             (2.19573975*x(3)-0.73901367*x(7)+x(9)-x(11))^2+(0.73901367*x(3)+2.19573975*x(7)+x(13)-x(15))^2;
             (-1.51246471*x(4)-0.50413889*x(8)+x(9)-x(12))^2+(0.50413889*x(4)-1.51246471*x(8)+x(13)-x(16))^2;
             (2.004776*x(2)-0.72583357*x(6)+x(9)-x(10))^2+(0.72583357*x(2)+2.004776*x(6)+x(13)-x(14))^2;
             (1.70369466*x(7)-1.05295817*x(3)+x(9)-x(11))^2+(-1.70369466*x(3)-1.05295817*x(7)+x(13)-x(15))^2;
             (1.13481377*x(4)-0.74221243*x(8)+x(9)-x(12))^2+(0.74221243*x(4)+1.13481377*x(8)+x(13)-x(16))^2;
             (-3.678538*x(2)-0.86836815*x(6)+x(9)-x(10))^2+(0.86836815*x(2)-3.678538*x(6)+x(13)-x(14))^2;
             (1.4988333*x(3)-0.35383487*x(7)+x(9)-x(11))^2+(0.35383487*x(3)+1.4988333*x(7)+x(13)-x(15))^2;
             (-2.29809757*x(4)-0.76602798*x(8)+x(9)-x(12))^2+(0.76602798*x(4)-2.29809757*x(8)+x(13)-x(16))^2;
             (-4.56588745*x(2)-1.07782682*x(6)+x(9)-x(10))^2+(1.07782682*x(2)-4.56588745*x(6)+x(13)-x(14))^2;
             (-1.26571655*x(3)-1.26574707*x(7)+x(9)-x(11))^2+(1.26574707*x(3)-1.26571655*x(7)+x(13)-x(15))^2;
             (0.32958056*x(4)+1.25187871*x(8)+x(9)-x(12))^2+(0.32958056*x(8)-1.25187871*x(4)+x(13)-x(16))^2;
             (2.19573975*x(3)-0.73901367*x(7)+x(10)-x(11))^2+(0.73901367*x(3)+2.19573975*x(7)+x(14)-x(15))^2;
             (-1.51246471*x(4)-0.50413889*x(8)+x(10)-x(12))^2+(0.50413889*x(4)-1.51246471*x(8)+x(14)-x(16))^2;
             (1.70369466*x(7)-1.05295817*x(3)+x(10)-x(11))^2+(-1.70369466*x(3)-1.05295817*x(7)+x(14)-x(15))^2;
             (1.13481377*x(4)-0.74221243*x(8)+x(10)-x(12))^2+(0.74221243*x(4)+1.13481377*x(8)+x(14)-x(16))^2;
             (1.4988333*x(3)-0.35383487*x(7)+x(10)-x(11))^2+(0.35383487*x(3)+1.4988333*x(7)+x(14)-x(15))^2;
             (-2.29809757*x(4)-0.76602798*x(8)+x(10)-x(12))^2+(0.76602798*x(4)-2.29809757*x(8)+x(14)-x(16))^2;
             (-1.26571655*x(3)-1.26574707*x(7)+x(10)-x(11))^2+(1.26574707*x(3)-1.26571655*x(7)+x(14)-x(15))^2;
             (0.32958056*x(4)+1.25187871*x(8)+x(10)-x(12))^2+(0.32958056*x(8)-1.25187871*x(4)+x(14)-x(16))^2;
             (-1.51246471*x(4)-0.50413889*x(8)+x(11)-x(12))^2+(0.50413889*x(4)-1.51246471*x(8)+x(15)-x(16))^2;
             (1.13481377*x(4)-0.74221243*x(8)+x(11)-x(12))^2+(0.74221243*x(4)+1.13481377*x(8)+x(15)-x(16))^2;
             (-2.29809757*x(4)-0.76602798*x(8)+x(11)-x(12))^2+(0.76602798*x(4)-2.29809757*x(8)+x(15)-x(16))^2;
             (0.32958056*x(4)+1.25187871*x(8)+x(11)-x(12))^2+(0.32958056*x(8)-1.25187871*x(4)+x(15)-x(16))^2;
             (2.23754946*x(1)+0.80999894*x(5)+x(9)-x(10))^2+(2.23754946*x(5)-0.80999894*x(1)+x(13)-x(14))^2;
             (2.23754946*x(1)+0.80999894*x(5)+x(9)-x(11))^2+(2.23754946*x(5)-0.80999894*x(1)+x(13)-x(15))^2;
             (2.23754946*x(1)+0.80999894*x(5)+x(9)-x(12))^2+(2.23754946*x(5)-0.80999894*x(1)+x(13)-x(16))^2;
             (2.2618103*x(2)+0.53391457*x(6)+x(10)-x(11))^2+(2.2618103*x(6)-0.53391457*x(2)+x(14)-x(15))^2;
             (2.2618103*x(2)+0.53391457*x(6)+x(10)-x(12))^2+(2.2618103*x(6)-0.53391457*x(2)+x(14)-x(16))^2;
             (0.73901367*x(7)-2.19573975*x(3)+x(11)-x(12))^2+(-0.73901367*x(3)-2.19573975*x(7)+x(15)-x(16))^2;
             (0.94998067*x(5)-2.02823851*x(1)+x(9)-x(10))^2+(-0.94998067*x(1)-2.02823851*x(5)+x(13)-x(14))^2;
             (0.94998067*x(5)-2.02823851*x(1)+x(9)-x(11))^2+(-0.94998067*x(1)-2.02823851*x(5)+x(13)-x(15))^2;
             (0.94998067*x(5)-2.02823851*x(1)+x(9)-x(12))^2+(-0.94998067*x(1)-2.02823851*x(5)+x(13)-x(16))^2;
             (0.72583357*x(6)-2.004776*x(2)+x(10)-x(11))^2+(-0.72583357*x(2)-2.004776*x(6)+x(14)-x(15))^2;
             (0.72583357*x(6)-2.004776*x(2)+x(10)-x(12))^2+(-0.72583357*x(2)-2.004776*x(6)+x(14)-x(16))^2;
             (1.05295817*x(3)-1.70369466*x(7)+x(11)-x(12))^2+(1.70369466*x(3)+1.05295817*x(7)+x(15)-x(16))^2;
             (3.33860684*x(1)+1.20864892*x(5)+x(9)-x(10))^2+(3.33860684*x(5)-1.20864892*x(1)+x(13)-x(14))^2;
             (3.33860684*x(1)+1.20864892*x(5)+x(9)-x(11))^2+(3.33860684*x(5)-1.20864892*x(1)+x(13)-x(15))^2;
             (3.33860684*x(1)+1.20864892*x(5)+x(9)-x(12))^2+(3.33860684*x(5)-1.20864892*x(1)+x(13)-x(16))^2;
             (3.678538*x(2)+0.86836815*x(6)+x(10)-x(11))^2+(3.678538*x(6)-0.86836815*x(2)+x(14)-x(15))^2;
             (3.678538*x(2)+0.86836815*x(6)+x(10)-x(12))^2+(3.678538*x(6)-0.86836815*x(2)+x(14)-x(16))^2;
             (0.35383487*x(7)-1.4988333*x(3)+x(11)-x(12))^2+(-0.35383487*x(3)-1.4988333*x(7)+x(15)-x(16))^2;
             (-0.16906953*x(1)-1.8608485*x(5)+x(9)-x(10))^2+(1.8608485*x(1)-0.16906953*x(5)+x(13)-x(14))^2;
             (-0.16906953*x(1)-1.8608485*x(5)+x(9)-x(11))^2+(1.8608485*x(1)-0.16906953*x(5)+x(13)-x(15))^2;
             (-0.16906953*x(1)-1.8608485*x(5)+x(9)-x(12))^2+(1.8608485*x(1)-0.16906953*x(5)+x(13)-x(16))^2;
             (4.56588745*x(2)+1.07782682*x(6)+x(10)-x(11))^2+(4.56588745*x(6)-1.07782682*x(2)+x(14)-x(15))^2;
             (4.56588745*x(2)+1.07782682*x(6)+x(10)-x(12))^2+(4.56588745*x(6)-1.07782682*x(2)+x(14)-x(16))^2;
             (1.26571655*x(3)+1.26574707*x(7)+x(11)-x(12))^2+(1.26571655*x(7)-1.26574707*x(3)+x(15)-x(16))^2;
             (2.23754946*x(1)-2.2618103*x(2)+0.80999894*x(5)-0.53391457*x(6)+x(9)-x(10))^2+(0.53391457*x(2)-0.80999894*x(1)+2.23754946*x(5)-2.2618103*x(6)+x(13)-x(14))^2;
             (2.23754946*x(1)+2.19573975*x(3)+0.80999894*x(5)-0.73901367*x(7)+x(9)-x(11))^2+(0.73901367*x(3)-0.80999894*x(1)+2.23754946*x(5)+2.19573975*x(7)+x(13)-x(15))^2;
             (2.23754946*x(1)-1.51246471*x(4)+0.80999894*x(5)-0.50413889*x(8)+x(9)-x(12))^2+(0.50413889*x(4)-0.80999894*x(1)+2.23754946*x(5)-1.51246471*x(8)+x(13)-x(16))^2;
             (2.23754946*x(1)+2.004776*x(2)+0.80999894*x(5)-0.72583357*x(6)+x(9)-x(10))^2+(0.72583357*x(2)-0.80999894*x(1)+2.23754946*x(5)+2.004776*x(6)+x(13)-x(14))^2;
             (2.23754946*x(1)-1.05295817*x(3)+0.80999894*x(5)+1.70369466*x(7)+x(9)-x(11))^2+(-0.80999894*x(1)-1.70369466*x(3)+2.23754946*x(5)-1.05295817*x(7)+x(13)-x(15))^2;
             (2.23754946*x(1)+1.13481377*x(4)+0.80999894*x(5)-0.74221243*x(8)+x(9)-x(12))^2+(0.74221243*x(4)-0.80999894*x(1)+2.23754946*x(5)+1.13481377*x(8)+x(13)-x(16))^2;
             (2.23754946*x(1)-3.678538*x(2)+0.80999894*x(5)-0.86836815*x(6)+x(9)-x(10))^2+(0.86836815*x(2)-0.80999894*x(1)+2.23754946*x(5)-3.678538*x(6)+x(13)-x(14))^2;
             (2.23754946*x(1)+1.4988333*x(3)+0.80999894*x(5)-0.35383487*x(7)+x(9)-x(11))^2+(0.35383487*x(3)-0.80999894*x(1)+2.23754946*x(5)+1.4988333*x(7)+x(13)-x(15))^2;
             (2.23754946*x(1)-2.29809757*x(4)+0.80999894*x(5)-0.76602798*x(8)+x(9)-x(12))^2+(0.76602798*x(4)-0.80999894*x(1)+2.23754946*x(5)-2.29809757*x(8)+x(13)-x(16))^2;
