% This BARON input file was generated by the MATLAB/BARON interface.
% The BARON/MATLAB interface was developed by J. Currie.  The interface
% is provided free of charge and with no warranties from The Optimization
% Firm, http://www.minlp.com.
% Interface version: v1.51 [17-Dec-2013]
% File generated: 30-May-2015 14:05:31
% Model: inf_mip_127

% Objective
fun = @(x)x(1);

% Bounds
lb = [-Inf,0,0,0,-0.5,0,0,1,0.9,0.9,0.9,0,0,0,0,0,0,-Inf,-Inf,-Inf,0,0,0,0,0,0,0,0,0,0,0,0,0,0,0,0,0,0,0,0,0,0,0,0,0,0,0,-Inf,-Inf,-Inf,0,0,0,0.965925826,0.965925826,0.965925826,-0.261799388,-0.261799388,-0.261799388,-Inf,-Inf,-Inf,-Inf,-Inf,-Inf,-Inf,-Inf,-Inf,-Inf,-Inf,-Inf,-Inf,-Inf,-Inf,-Inf,-Inf,-Inf]';
ub = [0,10,0,0,2,0.5,0,1,1.1,1.1,1.1,0,0,0,0,0,0,Inf,Inf,Inf,Inf,Inf,Inf,Inf,Inf,Inf,Inf,Inf,Inf,Inf,Inf,Inf,Inf,Inf,Inf,Inf,Inf,Inf,Inf,Inf,Inf,Inf,Inf,Inf,Inf,Inf,Inf,Inf,Inf,Inf,Inf,Inf,Inf,1,1,1,0.261799388,0.261799388,0.261799388,Inf,Inf,Inf,Inf,Inf,Inf,Inf,Inf,Inf,Inf,Inf,Inf,Inf,Inf,Inf,Inf,Inf,Inf]';

% Constraints
nlcon = @(x)[x(1)-x(2)-x(3)-x(4)+15*x(8)-x(13)-x(14)-x(16)-x(17);
             x(2)-x(21)-x(22)+x(27)+x(28);
             x(3)-x(23)-x(24)+x(29)+x(30);
             x(4)-3*x(8)-x(25)-x(26)+x(31)+x(32);
             x(5)+x(12)-x(15)-x(33)-x(34)+x(39)+x(40);
             x(6)+x(13)-x(16)-x(35)-x(36)+x(41)+x(42);
             x(7)+x(14)-x(17)-x(37)-x(38)+x(43)+x(44);
             -1.98019801980198*x(9)+x(21)-x(27)+0.99009900990099*x(45)-9.9009900990099*x(48);
             -1.98019801980198*x(9)+x(22)-x(28)+0.99009900990099*x(46)-9.9009900990099*x(49);
             -1.98019801980198*x(10)+x(23)-x(29)+0.99009900990099*x(47)-9.9009900990099*x(50);
             -1.98019801980198*x(10)+x(24)-x(30)+0.99009900990099*x(45)+9.9009900990099*x(48);
             -1.98019801980198*x(11)+x(25)-x(31)+0.99009900990099*x(46)+9.9009900990099*x(49);
             -1.98019801980198*x(11)+x(26)-x(32)+0.99009900990099*x(47)+9.9009900990099*x(50);
             -1.1*x(9)-1.1*x(10)+x(51)-12.1*x(72);
             -1.1*x(9)-1.1*x(11)+x(52)-12.1*x(73);
             -1.1*x(10)-1.1*x(11)+x(53)-12.1*x(74);
             -0.9*x(9)-0.9*x(10)+x(51)-12.1*x(72);
             -0.9*x(9)-0.9*x(11)+x(52)-12.1*x(73);
             -0.9*x(10)-0.9*x(11)+x(53)-12.1*x(74);
             -1.1*x(9)-0.9*x(10)+x(51)-12.1*x(72);
             -1.1*x(9)-0.9*x(11)+x(52)-12.1*x(73);
             -1.1*x(10)-0.9*x(11)+x(53)-12.1*x(74);
             -0.9*x(9)-1.1*x(10)+x(51)-12.1*x(72);
             -0.9*x(9)-1.1*x(11)+x(52)-12.1*x(73);
             -0.9*x(10)-1.1*x(11)+x(53)-12.1*x(74);
             x(45)-0.991444861360702*x(51)-1.21*x(54)-12.1*x(60);
             x(45)-x(51)-1.21*x(54)-12.1*x(61);
             x(45)-x(51)-1.21*x(54)-12.1*x(62);
             x(45)-0.991444861360702*x(51)-1.21*x(54)-12.1*x(63);
             x(46)-0.991444861360702*x(52)-1.21*x(55)-12.1*x(64);
             x(46)-x(52)-1.21*x(55)-12.1*x(65);
             x(46)-x(52)-1.21*x(55)-12.1*x(66);
             x(46)-0.991444861360702*x(52)-1.21*x(55)-12.1*x(67);
             x(47)-0.991444861360702*x(53)-1.21*x(56)-12.1*x(68);
             x(47)-x(53)-1.21*x(56)-12.1*x(69);
             x(47)-x(53)-1.21*x(56)-12.1*x(70);
             x(47)-0.991444861360702*x(53)-1.21*x(56)-12.1*x(71);
             x(45)-0.965925826237084*x(51)-0.81*x(54)-12.1*x(60);
             x(45)-0.991444861360702*x(51)-0.81*x(54)-12.1*x(61);
             x(45)-0.991444861360702*x(51)-0.81*x(54)-12.1*x(62);
             x(45)-0.965925826237084*x(51)-0.81*x(54)-12.1*x(63);
             x(46)-0.965925826237084*x(52)-0.81*x(55)-12.1*x(64);
             x(46)-0.991444861360702*x(52)-0.81*x(55)-12.1*x(65);
             x(46)-0.991444861360702*x(52)-0.81*x(55)-12.1*x(66);
             x(46)-0.965925826237084*x(52)-0.81*x(55)-12.1*x(67);
             x(47)-0.965925826237084*x(53)-0.81*x(56)-12.1*x(68);
             x(47)-0.991444861360702*x(53)-0.81*x(56)-12.1*x(69);
             x(47)-0.991444861360702*x(53)-0.81*x(56)-12.1*x(70);
             x(47)-0.965925826237084*x(53)-0.81*x(56)-12.1*x(71);
             x(45)-0.991444861360702*x(51)-0.81*x(54)+12.1*x(60);
             x(45)-x(51)-0.81*x(54)+12.1*x(61);
             x(45)-x(51)-0.81*x(54)+12.1*x(62);
             x(45)-0.991444861360702*x(51)-0.81*x(54)+12.1*x(63);
             x(46)-0.991444861360702*x(52)-0.81*x(55)+12.1*x(64);
             x(46)-x(52)-0.81*x(55)+12.1*x(65);
             x(46)-x(52)-0.81*x(55)+12.1*x(66);
             x(46)-0.991444861360702*x(52)-0.81*x(55)+12.1*x(67);
             x(47)-0.991444861360702*x(53)-0.81*x(56)+12.1*x(68);
             x(47)-x(53)-0.81*x(56)+12.1*x(69);
             x(47)-x(53)-0.81*x(56)+12.1*x(70);
             x(47)-0.991444861360702*x(53)-0.81*x(56)+12.1*x(71);
             x(45)-0.965925826237084*x(51)-1.21*x(54)+12.1*x(60);
             x(45)-0.991444861360702*x(51)-1.21*x(54)+12.1*x(61);
             x(45)-0.991444861360702*x(51)-1.21*x(54)+12.1*x(62);
             x(45)-0.965925826237084*x(51)-1.21*x(54)+12.1*x(63);
             x(46)-0.965925826237084*x(52)-1.21*x(55)+12.1*x(64);
             x(46)-0.991444861360702*x(52)-1.21*x(55)+12.1*x(65);
             x(46)-0.991444861360702*x(52)-1.21*x(55)+12.1*x(66);
             x(46)-0.965925826237084*x(52)-1.21*x(55)+12.1*x(67);
             x(47)-0.965925826237084*x(53)-1.21*x(56)+12.1*x(68);
             x(47)-0.991444861360702*x(53)-1.21*x(56)+12.1*x(69);
             x(47)-0.991444861360702*x(53)-1.21*x(56)+12.1*x(70);
             x(47)-0.965925826237084*x(53)-1.21*x(56)+12.1*x(71);
             x(48)+0.130899694*x(51)-1.21*x(57)-3.1677725948*x(60);
             x(48)-1.21*x(57)-3.1677725948*x(61);
             x(48)-0.130899694*x(51)-1.21*x(57)-3.1677725948*x(62);
             x(48)-0.261799388*x(51)-1.21*x(57)-3.1677725948*x(63);
             x(49)+0.130899694*x(52)-1.21*x(58)-3.1677725948*x(64);
             x(49)-1.21*x(58)-3.1677725948*x(65);
             x(49)-0.130899694*x(52)-1.21*x(58)-3.1677725948*x(66);
             x(49)-0.261799388*x(52)-1.21*x(58)-3.1677725948*x(67);
             x(50)+0.130899694*x(53)-1.21*x(59)-3.1677725948*x(68);
             x(50)-1.21*x(59)-3.1677725948*x(69);
             x(50)-0.130899694*x(53)-1.21*x(59)-3.1677725948*x(70);
             x(50)-0.261799388*x(53)-1.21*x(59)-3.1677725948*x(71);
             x(48)+0.261799388*x(51)-0.81*x(57)-3.1677725948*x(60);
             x(48)+0.130899694*x(51)-0.81*x(57)-3.1677725948*x(61);
             x(48)-0.81*x(57)-3.1677725948*x(62);
             x(48)-0.130899694*x(51)-0.81*x(57)-3.1677725948*x(63);
             x(49)+0.261799388*x(52)-0.81*x(58)-3.1677725948*x(64);
             x(49)+0.130899694*x(52)-0.81*x(58)-3.1677725948*x(65);
             x(49)-0.81*x(58)-3.1677725948*x(66);
             x(49)-0.130899694*x(52)-0.81*x(58)-3.1677725948*x(67);
             x(50)+0.261799388*x(53)-0.81*x(59)-3.1677725948*x(68);
             x(50)+0.130899694*x(53)-0.81*x(59)-3.1677725948*x(69);
             x(50)-0.81*x(59)-3.1677725948*x(70);
             x(50)-0.130899694*x(53)-0.81*x(59)-3.1677725948*x(71);
             x(48)+0.130899694*x(51)-0.81*x(57)+3.1677725948*x(60);
             x(48)-0.81*x(57)+3.1677725948*x(61);
             x(48)-0.130899694*x(51)-0.81*x(57)+3.1677725948*x(62);
             x(48)-0.261799388*x(51)-0.81*x(57)+3.1677725948*x(63);
             x(49)+0.130899694*x(52)-0.81*x(58)+3.1677725948*x(64);
             x(49)-0.81*x(58)+3.1677725948*x(65);
             x(49)-0.130899694*x(52)-0.81*x(58)+3.1677725948*x(66);
             x(49)-0.261799388*x(52)-0.81*x(58)+3.1677725948*x(67);
             x(50)+0.130899694*x(53)-0.81*x(59)+3.1677725948*x(68);
             x(50)-0.81*x(59)+3.1677725948*x(69);
             x(50)-0.130899694*x(53)-0.81*x(59)+3.1677725948*x(70);
             x(50)-0.261799388*x(53)-0.81*x(59)+3.1677725948*x(71);
             x(48)+0.261799388*x(51)-1.21*x(57)+3.1677725948*x(60);
             x(48)+0.130899694*x(51)-1.21*x(57)+3.1677725948*x(61);
             x(48)-1.21*x(57)+3.1677725948*x(62);
