% This BARON input file was generated by the MATLAB/BARON interface.
% The BARON/MATLAB interface was developed by J. Currie.  The interface
% is provided free of charge and with no warranties from The Optimization
% Firm, http://www.minlp.com.
% Interface version: v1.51 [17-Dec-2013]
% File generated: 13-May-2015 16:53:40
% Model: inf_lp_21

% Objective
fun = @(x)x(1);

% Bounds
lb = [0,0,0,0,0,0,0,0,0,0,0,0,0,0,0,0,0,0,0,0,0,0,0,0,0,0,0,0,0,0,0,0,0,0,0,0,0,0,0,0,0,0,0,0,0,0,0,0,0,0,0,0,0,0,0,0,0,0,0,0,0,0,0,0,0,0,0,0,0,0,0,0,0,0,0,0,0,0,0,0,0,0,0,0,0,0,0,0,0,0,0,0,0,0,0,0,0,0,0,0,0,0,0,0,0,0,0,0,0,0,0,0,0,0,0,0,0,0,0,0,0,0,0,0,0,0,0,0,0,0,0,0,0,0,0,0,0,0,0,0,0,0,0,0,0,0,0,0,0,0,0,0,0,0,0,0,0,0,0,0,0,0,0,0,0,0,0,0,0,0,0,0,0,0,0,0,0,0,0,0]';
ub = [Inf,Inf,Inf,Inf,Inf,Inf,Inf,Inf,Inf,Inf,Inf,Inf,Inf,Inf,Inf,Inf,Inf,Inf,Inf,Inf,Inf,Inf,Inf,Inf,Inf,Inf,Inf,Inf,Inf,Inf,Inf,Inf,Inf,Inf,Inf,Inf,Inf,Inf,Inf,Inf,Inf,Inf,Inf,Inf,Inf,Inf,Inf,Inf,Inf,Inf,Inf,Inf,Inf,Inf,Inf,Inf,Inf,Inf,Inf,Inf,Inf,Inf,Inf,Inf,Inf,Inf,Inf,Inf,Inf,Inf,Inf,Inf,Inf,Inf,Inf,Inf,Inf,Inf,Inf,Inf,Inf,Inf,Inf,Inf,Inf,Inf,Inf,Inf,Inf,Inf,Inf,Inf,Inf,Inf,Inf,Inf,Inf,Inf,Inf,Inf,Inf,Inf,Inf,Inf,Inf,Inf,Inf,Inf,Inf,Inf,Inf,Inf,Inf,Inf,Inf,Inf,Inf,Inf,Inf,Inf,Inf,Inf,Inf,Inf,Inf,Inf,Inf,Inf,Inf,Inf,Inf,Inf,Inf,Inf,Inf,Inf,Inf,Inf,Inf,Inf,Inf,Inf,Inf,Inf,Inf,Inf,Inf,Inf,Inf,Inf,Inf,Inf,Inf,Inf,Inf,Inf,Inf,Inf,Inf,Inf,Inf,Inf,Inf,Inf,Inf,Inf,Inf,Inf,Inf,Inf,Inf,Inf,Inf,Inf,Inf,Inf,Inf,Inf,Inf,Inf]';

% Constraints
nlcon = @(x)[0.0514122552775003*x(1)-0.0299865248374907*x(2)-0.00149746055331631*x(3)-0.000628442461719631*x(4)-1.47291201965538e-5*x(5)-1.47291201965538e-5*x(6)-7.26636596363323e-5*x(7)-0.00104576753395532*x(8)-6.97178355970215e-5*x(9)-1.08013548108061e-5*x(10)-1.96388269287385e-6*x(11)-x(26);
             -0.00603010180846914*x(1)+0.0489534741460222*x(2)-0.0221015358256023*x(3)-0.00178615130916876*x(4)-0.000186568855823015*x(5)-0.000509627558800763*x(6)-0.000248431160648541*x(7)-2.35665923144861e-5*x(8)-2.94582403931077e-6*x(9)-x(34);
             -0.000359390532795914*x(1)-0.0133131607749918*x(2)+0.061715765825663*x(3)-0.0261294592286865*x(4)-0.00233309263913413*x(5)-0.000932844279115076*x(6)-0.000341715588560049*x(7)-0.000219954861601871*x(8)-1.66930028894277e-5*x(9)-2.94582403931077e-6*x(10)-9.81941346436923e-7*x(11)-x(42);
             -5.89164807862154e-6*x(1)-0.00112039507628453*x(2)-0.0220602942890519*x(3)+0.0817090735804651*x(4)-0.0343758026560638*x(5)-0.00482624171773747*x(6)-0.000639243816530437*x(7)-0.000552832978043987*x(8)-4.61512432825354e-5*x(9)-1.17832961572431e-5*x(10)-1.96388269287385e-6*x(11)-9.81941346436923e-7*x(12)-x(50);
             -9.81941346436923e-7*x(1)-0.000275925518348775*x(2)-0.00205422129674604*x(3)-0.0366931842336549*x(4)+0.115690135815261*x(5)-0.0513761531869262*x(6)-0.00540067740540307*x(7)-0.00114788943398476*x(8)-0.000350553060677981*x(9)-0.000253340867380726*x(10)-3.63318298181661e-5*x(11)-1.86568855823015e-5*x(12)-1.96388269287385e-6*x(13)-x(58);
             x(6);
             x(7);
             x(8);
             x(9);
             x(10);
             x(11);
             x(12);
             x(13);
             x(14);
             x(15);
             x(16);
             x(17);
             x(18);
             -0.9485877447225*x(1)-0.0299865248374907*x(2)-0.00149746055331631*x(3)-0.000628442461719631*x(4)-1.47291201965538e-5*x(5)-1.47291201965538e-5*x(6)-7.26636596363323e-5*x(7)-0.00104576753395532*x(8)-6.97178355970215e-5*x(9)-1.08013548108061e-5*x(10)-1.96388269287385e-6*x(11)-x(26)+x(163);
             -0.00603010180846914*x(1)-0.951046525853978*x(2)-0.0221015358256023*x(3)-0.00178615130916876*x(4)-0.000186568855823015*x(5)-0.000509627558800763*x(6)-0.000248431160648541*x(7)-2.35665923144861e-5*x(8)-2.94582403931077e-6*x(9)-x(34)+x(164);
             -0.000359390532795914*x(1)-0.0133131607749918*x(2)-0.938284234174337*x(3)-0.0261294592286865*x(4)-0.00233309263913413*x(5)-0.000932844279115076*x(6)-0.000341715588560049*x(7)-0.000219954861601871*x(8)-1.66930028894277e-5*x(9)-2.94582403931077e-6*x(10)-9.81941346436923e-7*x(11)-x(42)+x(165);
             -5.89164807862154e-6*x(1)-0.00112039507628453*x(2)-0.0220602942890519*x(3)-0.918290926419535*x(4)-0.0343758026560638*x(5)-0.00482624171773747*x(6)-0.000639243816530437*x(7)-0.000552832978043987*x(8)-4.61512432825354e-5*x(9)-1.17832961572431e-5*x(10)-1.96388269287385e-6*x(11)-9.81941346436923e-7*x(12)-x(50)+x(166);
             -9.81941346436923e-7*x(1)-0.000275925518348775*x(2)-0.00205422129674604*x(3)-0.0366931842336549*x(4)-0.884309864184739*x(5)-0.0513761531869262*x(6)-0.00540067740540307*x(7)-0.00114788943398476*x(8)-0.000350553060677981*x(9)-0.000253340867380726*x(10)-3.63318298181661e-5*x(11)-1.86568855823015e-5*x(12)-1.96388269287385e-6*x(13)-x(58)+x(167);
             -9.81941346436923e-7*x(1)-0.000530248327075938*x(2)-0.00194718968998442*x(3)-0.00448158030513812*x(4)-0.0651311875678146*x(5)-0.815373653899481*x(6)-0.0761731180084978*x(7)-0.012796659626766*x(8)-0.00294582403931077*x(9)-0.00119502261861373*x(10)-0.000562652391508357*x(11)-0.000435981957817994*x(12)-8.54288971400123e-5*x(13)-2.553047500736e-5*x(14)-7.85553077149538e-6*x(15)-1.96388269287385e-6*x(16)-x(66)+x(168);
             -1.96388269287385e-6*x(1)-0.00101238152817647*x(2)-0.00016594808754784*x(3)-0.00229970663335527*x(4)-0.0103575173222167*x(5)-0.112699372213258*x(6)-0.702374789575559*x(7)-0.119465930031555*x(8)-0.0214809488946541*x(9)-0.00374021458857824*x(10)-0.00203261858712443*x(11)-0.00149942443600918*x(12)-0.000314221230859815*x(13)-9.62302519508184e-5*x(14)-2.94582403931077e-5*x(15)-9.81941346436923e-6*x(16)-2.94582403931077e-6*x(17)-x(74)+x(169);
             -2.94582403931077e-6*x(1)-0.00117636573303143*x(2)-0.000166930028894277*x(3)-0.00252849896707508*x(4)-0.00513653518321154*x(5)-0.0141075513242593*x(6)-0.114063288743459*x(7)-0.692746854673745*x(8)-0.113356290974025*x(9)-0.0235194591298572*x(10)-0.00512966159378648*x(11)-0.00169384882260369*x(12)-0.000355462767410166*x(13)-9.81941346436923e-5*x(14)-2.74943577002338e-5*x(15)-8.8374721179323e-6*x(16)-2.94582403931077e-6*x(17)-x(82)+x(170);
             -9.81941346436923e-5*x(2)-0.00169286688125725*x(3)-0.00185586914476578*x(4)-0.000645135464609058*x(5)-0.00320505655477012*x(6)-0.0181295830792649*x(7)-0.119865580159555*x(8)-0.644243861866494*x(9)-0.148424362279327*x(10)-0.025568770719871*x(11)-0.00605759616616938*x(12)-0.00139730253597974*x(13)-0.000360372474142351*x(14)-9.32844279115077e-5*x(15)-3.04401817395446e-5*x(16)-9.81941346436923e-6*x(17)-9.81941346436923e-7*x(18)-x(90)+x(171);
             -2.25846509680492e-5*x(2)-0.000122742668304615*x(3)-0.000201297976019569*x(4)-0.00203065470443156*x(5)-0.00309409718262274*x(6)-0.0108043006348455*x(7)-0.029180350992066*x(8)-0.114744756037887*x(9)-0.644832044733009*x(10)-0.118502645570701*x(11)-0.03376503513858*x(12)-0.00946984234503768*x(13)-0.00274059829790545*x(14)-0.000841523733896443*x(15)-0.00029360046258464*x(16)-0.000104085782722314*x(17)-1.96388269287385e-5*x(18)-x(98)+x(172);
             -2.94582403931077e-6*x(2)-3.63318298181661e-5*x(3)-4.90970673218461e-5*x(4)-0.000445801371282363*x(5)-0.00448845389456317*x(6)-0.00186176079284441*x(7)-0.00552832978043987*x(8)-0.0372794032174778*x(9)-0.215990764386305*x(10)-0.414314440067516*x(11)-0.170471891330875*x(12)-0.055652507750659*x(13)-0.0192440865074708*x(14)-0.00715540659148586*x(15)-0.00260607233344359*x(16)-0.000956410871429563*x(17)-0.00020424380005888*x(18)-x(106)+x(173);
             -1.276523750368e-5*x(3)-1.47291201965538e-5*x(4)-9.62302519508184e-5*x(5)-0.000818939082928394*x(6)-0.000518465030918695*x(7)-0.00183819420052992*x(8)-0.0159702940584501*x(9)-0.0788459623534992*x(10)-0.176870221144258*x(11)-0.334138929130942*x(12)-0.167095976981825*x(13)-0.0715187160263868*x(14)-0.0356150126352672*x(15)-0.0143029576522002*x(16)-0.00587888284111786*x(17)-0.00151415355620573*x(18)-x(114)+x(174);
