% This BARON input file was generated by the MATLAB/BARON interface.
% The BARON/MATLAB interface was developed by J. Currie.  The interface
% is provided free of charge and with no warranties from The Optimization
% Firm, http://www.minlp.com.
% Interface version: v1.51 [17-Dec-2013]
% File generated: 30-May-2015 14:26:22
% Model: inf_mip_29

% Objective
fun = @(x)x(1)+x(2)+x(3)-15*x(7)+x(12)+x(13)+x(15)+x(16)+15;

% Bounds
lb = [0,0,0,-0.5,0,0,1,0.9,0.9,0.9,0,0,0,0,0,0,-0.523598776,-0.523598776,-0.523598776,0,0,0,0,0,0,0,0,0,0,0,0,0,0,0,0,0,0,0,0,0,0,0,0,0.78239991906,0.78239991906,0.78239991906,-0.209643426690187,-0.209643426690187,-0.209643426690187,0.81,0.81,0.81,0.965925826,0.965925826,0.965925826,-0.261799388,-0.261799388,-0.261799388,-Inf,-Inf,-Inf,-Inf,-Inf,-Inf,-Inf,-Inf,-Inf,-Inf,-Inf,-Inf,0,0,0,0,0,0,0,0,0,0,0,0,0,0,0,0,0,0,0,0,0,0,0,0,0,0,0,0,0,0,0,0,0,0,0,0,0,0,0,0,0,0,0,0,0,0,0,0,0,0,0,0,0,0,0,0,0,0,0,0,0,0,0,0,0,0,0,0,0,0,0,0,0,0,0,0,0,0,0,0,0,0,0,0,0,0,0,0,0,0,0,0,0,0,0,0,0,0,0,0,0,0,0,0,0,0,0,0,0,0,0,0,0,0,0,0,0,0,0,0,0,0,0,0,0,0,0,0,0,0,0,0,0,0,0,0,0,0,0,0,0,0,0,0,0,0,0,0,0,0,0,0,0,0,0,0,0,0,0,0,0,0,0,0,0,0,0,0,0,0,0,0,0,0,0,0,0,0,0,0,0,0,0,0,0,0]';
ub = [10,0,0,2,0.5,0,1,1.1,1.1,1.1,0,0,0,0,0,0,0.523598776,0.523598776,0.523598776,5,5,5,5,5,5,5,5,5,5,5,5,5,5,5,5,5,5,5,5,5,5,5,5,1.21,1.21,1.21,0.313171044808798,0.313171044808798,0.313171044808798,1.21,1.21,1.21,1,1,1,0.261799388,0.261799388,0.261799388,Inf,Inf,Inf,Inf,Inf,Inf,Inf,Inf,Inf,Inf,Inf,Inf,12.54,12.54,12.54,12.5,12.5,12.5,12.5,12.5,12.5,12.5,12.5,12.5,12.5412297502531,12.5412297502531,12.5412297502531,12.5412297502531,12.5412297502531,12.5412297502531,12.527600080748,12.527600080748,12.527600080748,12.527600080748,12.527600080748,12.527600080748,12.52760008094,12.52760008094,12.52760008094,12.52760008094,12.52760008094,12.52760008094,12.52760008094,12.52760008094,12.52760008094,12.52760008094,12.52760008094,12.52760008094,6.6487162344088,6.7534359896088,6.6487162344088,6.7534359896088,6.6487162344088,6.7534359896088,6.7534359896088,6.6487162344088,6.7534359896088,6.6487162344088,6.7534359896088,6.6487162344088,6.33313111201019,6.86196587577019,6.33313111201019,6.86196587577019,6.33313111201019,6.86196587577019,6.33313111201019,6.86196587577019,6.33313111201019,6.86196587577019,6.33313111201019,6.86196587577019,25,25,25,25,25,25,25,25,25,25,25,25,25,25,25,25,25,25,25,25,25,25,25,25,25,25,25,25,25,25,1,1,1,1,1,1,1,1,1,1,1,1,1,1,1,1,1,1,1,1,1,1,1,1,1,1,1,1,1,1,1,1,1,1,1,1,1,1,1,1,1,1,1,1,1,1,1,1,1,1,1,1,1,1,1,1,1,1,1,1,1,1,1,1,1,1,1,1,1,1,1,1,1,1,1,1,1,1,1,1,1,1,1,1,1,1,1,1,1,1,1,1,1,1,1,1]';

% Constraints
nlcon = @(x)[x(1)-x(20)-x(21)+x(26)+x(27);
             x(2)-x(22)-x(23)+x(28)+x(29);
             x(3)-3*x(7)-x(24)-x(25)+x(30)+x(31);
             x(4)+x(11)-x(14)-x(32)-x(33)+x(38)+x(39);
             x(5)+x(12)-x(15)-x(34)-x(35)+x(40)+x(41);
             x(6)+x(13)-x(16)-x(36)-x(37)+x(42)+x(43);
             -1.98019801980198*x(8)+x(20)-x(26)+0.99009900990099*x(44)-9.9009900990099*x(47);
             -1.98019801980198*x(8)+x(21)-x(27)+0.99009900990099*x(45)-9.9009900990099*x(48);
             -1.98019801980198*x(9)+x(22)-x(28)+0.99009900990099*x(46)-9.9009900990099*x(49);
             -1.98019801980198*x(9)+x(23)-x(29)+0.99009900990099*x(44)+9.9009900990099*x(47);
             -1.98019801980198*x(10)+x(24)-x(30)+0.99009900990099*x(45)+9.9009900990099*x(48);
             -1.98019801980198*x(10)+x(25)-x(31)+0.99009900990099*x(46)+9.9009900990099*x(49);
             -1.1*x(8)-1.1*x(9)+x(50)-12.1*x(65)-x(71);
             -1.1*x(8)-1.1*x(10)+x(51)-12.1*x(66)-x(72);
             -1.1*x(9)-1.1*x(10)+x(52)-12.1*x(67)-x(73);
             -0.9*x(8)-0.9*x(9)+x(50)-12.1*x(65)-x(74);
             -0.9*x(8)-0.9*x(10)+x(51)-12.1*x(66)-x(75);
             -0.9*x(9)-0.9*x(10)+x(52)-12.1*x(67)-x(76);
             -1.1*x(8)-0.9*x(9)+x(50)-12.1*x(65)+x(77);
             -1.1*x(8)-0.9*x(10)+x(51)-12.1*x(66)+x(78);
             -1.1*x(9)-0.9*x(10)+x(52)-12.1*x(67)+x(79);
             -0.9*x(8)-1.1*x(9)+x(50)-12.1*x(65)+x(80);
             -0.9*x(8)-1.1*x(10)+x(51)-12.1*x(66)+x(81);
             -0.9*x(9)-1.1*x(10)+x(52)-12.1*x(67)+x(82);
             x(44)-x(50)-1.21*x(53)-12.1*x(59)-x(83);
             x(44)-x(50)-1.21*x(53)-12.1*x(60)-x(84);
             x(45)-x(51)-1.21*x(54)-12.1*x(61)-x(85);
             x(45)-x(51)-1.21*x(54)-12.1*x(62)-x(86);
             x(46)-x(52)-1.21*x(55)-12.1*x(63)-x(87);
             x(46)-x(52)-1.21*x(55)-12.1*x(64)-x(88);
             x(44)-0.965925826237084*x(50)-0.81*x(53)-12.1*x(59)-x(89);
             x(44)-0.965925826237084*x(50)-0.81*x(53)-12.1*x(60)-x(90);
             x(45)-0.965925826237084*x(51)-0.81*x(54)-12.1*x(61)-x(91);
             x(45)-0.965925826237084*x(51)-0.81*x(54)-12.1*x(62)-x(92);
             x(46)-0.965925826237084*x(52)-0.81*x(55)-12.1*x(63)-x(93);
             x(46)-0.965925826237084*x(52)-0.81*x(55)-12.1*x(64)-x(94);
             x(44)-x(50)-0.81*x(53)+12.1*x(59)+x(95);
             x(44)-x(50)-0.81*x(53)+12.1*x(60)+x(96);
             x(45)-x(51)-0.81*x(54)+12.1*x(61)+x(97);
             x(45)-x(51)-0.81*x(54)+12.1*x(62)+x(98);
             x(46)-x(52)-0.81*x(55)+12.1*x(63)+x(99);
             x(46)-x(52)-0.81*x(55)+12.1*x(64)+x(100);
             x(44)-0.965925826237084*x(50)-1.21*x(53)+12.1*x(59)+x(101);
             x(44)-0.965925826237084*x(50)-1.21*x(53)+12.1*x(60)+x(102);
             x(45)-0.965925826237084*x(51)-1.21*x(54)+12.1*x(61)+x(103);
             x(45)-0.965925826237084*x(51)-1.21*x(54)+12.1*x(62)+x(104);
             x(46)-0.965925826237084*x(52)-1.21*x(55)+12.1*x(63)+x(105);
             x(46)-0.965925826237084*x(52)-1.21*x(55)+12.1*x(64)+x(106);
             x(47)-1.21*x(56)-6.3355451896*x(59)-x(107);
             x(47)-0.261799388*x(50)-1.21*x(56)-6.3355451896*x(60)-x(108);
             x(48)-1.21*x(57)-6.3355451896*x(61)-x(109);
             x(48)-0.261799388*x(51)-1.21*x(57)-6.3355451896*x(62)-x(110);
             x(49)-1.21*x(58)-6.3355451896*x(63)-x(111);
             x(49)-0.261799388*x(52)-1.21*x(58)-6.3355451896*x(64)-x(112);
             x(47)+0.261799388*x(50)-0.81*x(56)-6.3355451896*x(59)-x(113);
             x(47)-0.81*x(56)-6.3355451896*x(60)-x(114);
             x(48)+0.261799388*x(51)-0.81*x(57)-6.3355451896*x(61)-x(115);
             x(48)-0.81*x(57)-6.3355451896*x(62)-x(116);
             x(49)+0.261799388*x(52)-0.81*x(58)-6.3355451896*x(63)-x(117);
             x(49)-0.81*x(58)-6.3355451896*x(64)-x(118);
             x(47)-0.81*x(56)+6.3355451896*x(59)+x(119);
             x(47)-0.261799388*x(50)-0.81*x(56)+6.3355451896*x(60)+x(120);
             x(48)-0.81*x(57)+6.3355451896*x(61)+x(121);
             x(48)-0.261799388*x(51)-0.81*x(57)+6.3355451896*x(62)+x(122);
             x(49)-0.81*x(58)+6.3355451896*x(63)+x(123);
             x(49)-0.261799388*x(52)-0.81*x(58)+6.3355451896*x(64)+x(124);
             x(47)+0.261799388*x(50)-1.21*x(56)+6.3355451896*x(59)+x(125);
             x(47)-1.21*x(56)+6.3355451896*x(60)+x(126);
             x(48)+0.261799388*x(51)-1.21*x(57)+6.3355451896*x(61)+x(127);
             x(48)-1.21*x(57)+6.3355451896*x(62)+x(128);
             x(49)+0.261799388*x(52)-1.21*x(58)+6.3355451896*x(63)+x(129);
             x(49)-1.21*x(58)+6.3355451896*x(64)+x(130);
             x(59)+x(60);
             x(61)+x(62);
             x(63)+x(64);
             x(65);
             x(66);
             x(67);
             -x(53)+0.25037682000755*x(56)-x(161);
             -x(53)+0.233442435959931*x(56)-x(162);
             -x(53)+0.216436863805585*x(56)-x(163);
             -x(53)+0.199365369008894*x(56)-x(164);
             -x(53)+0.182233232433562*x(56)-x(165);
             -x(53)+0.16504553983283*x(56)-x(166);
             -x(53)+0.147807522626243*x(56)-x(167);
             -x(53)+0.130524545168899*x(56)-x(168);
             -x(53)+0.113201732188879*x(56)-x(169);
             -x(53)+0.0958445547120885*x(56)-x(170);
             -x(53)+0.0784580881097905*x(56)-x(171);
