% This BARON input file was generated by the MATLAB/BARON interface.
% The BARON/MATLAB interface was developed by J. Currie.  The interface
% is provided free of charge and with no warranties from The Optimization
% Firm, http://www.minlp.com.
% Interface version: v1.51 [17-Dec-2013]
% File generated: 07-Jan-2016 09:52:01
% Model: inf_minlp_133

% Objective
fun = @(x)(-((6540800+80*x(202))*x(41)+(3162816+30*x(202))*x(42)+(3431120+35*x(202))*x(43)+(2718800+35*x(202))*x(44)+(2776620+25*x(202))*x(45)+(2312800+50*x(202))*x(46)+(3560760+35*x(202))*x(47)+(1457148+30*x(202))*x(48)+(1533840+15*x(202))*x(49)+(5304000+65*x(202))*x(50)))-x(203)*(64000*x(51)+27360*x(52)+30800*x(53)+28000*x(54)+23100*x(55)+28000*x(56)+37800*x(57)+15960*x(58)+16800*x(59)+78000*x(60))-333*x(204)*(64000*x(61)+27360*x(62)+30800*x(63)+28000*x(64)+23100*x(65)+28000*x(66)+37800*x(67)+15960*x(68)+16800*x(69)+78000*x(70))-69.02*x(102)-61.2*x(103)-61.2*x(104)-68.68*x(105)-61.1*x(106)-84.15*x(107)-71.57*x(108)-91.8*x(109)-97.92*x(110)-69.02*x(111)-60.16*x(113)-71.44*x(114)-39.78*x(115)-60.01*x(116)-68.51*x(117)-83.81*x(118)-76.33*x(119)-98.6*x(120)-61.2*x(121)-60.16*x(122)-57.81*x(124)-54.52*x(125)-46.41*x(126)-48.11*x(127)-52.36*x(128)-56.27*x(129)-77.18*x(130)-61.2*x(131)-71.44*x(132)-57.81*x(133)-53.58*x(135)-49.13*x(136)-75.2*x(137)-34.68*x(138)-35.36*x(139)-56.95*x(140)-68.68*x(141)-39.78*x(142)-54.52*x(143)-53.58*x(144)-84.13*x(146)-40.12*x(147)-37.4*x(148)-48.62*x(149)-64.6*x(150)-61.1*x(151)-60.01*x(152)-46.41*x(153)-49.13*x(154)-84.13*x(155)-62.56*x(157)-50.15*x(158)-70.21*x(159)-77.01*x(160)-84.15*x(161)-68.51*x(162)-48.11*x(163)-75.2*x(164)-40.12*x(165)-62.56*x(166)-55.46*x(168)-23.97*x(169)-86.95*x(170)-71.57*x(171)-83.81*x(172)-52.36*x(173)-34.68*x(174)-37.4*x(175)-50.15*x(176)-55.46*x(177)-67.21*x(179)-77.55*x(180)-91.8*x(181)-76.33*x(182)-56.27*x(183)-35.36*x(184)-48.62*x(185)-70.21*x(186)-23.97*x(187)-67.21*x(188)-72.85*x(190)-97.92*x(191)-98.6*x(192)-77.18*x(193)-56.95*x(194)-64.6*x(195)-77.01*x(196)-86.95*x(197)-77.55*x(198)-72.85*x(199)-120*x(201)+63750000;

% Bounds
lb = [0,0,0,0,0,0,0,0,0,0,0,0,0,0,0,0,0,0,0,0,0,0,0,0,0,0,0,0,0,0,0,0,0,0,0,0,0,0,0,0,-Inf,-Inf,-Inf,-Inf,-Inf,-Inf,-Inf,-Inf,-Inf,-Inf,-Inf,-Inf,-Inf,-Inf,-Inf,-Inf,-Inf,-Inf,-Inf,-Inf,-Inf,-Inf,-Inf,-Inf,-Inf,-Inf,-Inf,-Inf,-Inf,-Inf,-Inf,-Inf,-Inf,-Inf,-Inf,-Inf,-Inf,-Inf,-Inf,-Inf,-Inf,-Inf,-Inf,-Inf,-Inf,-Inf,-Inf,-Inf,-Inf,-Inf,0,0,0,0,0,0,0,0,0,0,0,0,0,0,0,0,0,0,0,0,0,0,0,0,0,0,0,0,0,0,0,0,0,0,0,0,0,0,0,0,0,0,0,0,0,0,0,0,0,0,0,0,0,0,0,0,0,0,0,0,0,0,0,0,0,0,0,0,0,0,0,0,0,0,0,0,0,0,0,0,0,0,0,0,0,0,0,0,0,0,0,0,0,0,0,0,0,0,0,0,0,0,0,0,0,0,0,0,0,0,0,0,0,-Inf]';
ub = [Inf,Inf,Inf,Inf,Inf,Inf,Inf,Inf,Inf,Inf,Inf,Inf,Inf,Inf,Inf,Inf,Inf,Inf,Inf,Inf,Inf,Inf,Inf,Inf,Inf,Inf,Inf,Inf,Inf,Inf,Inf,Inf,Inf,Inf,Inf,Inf,Inf,Inf,Inf,Inf,Inf,Inf,Inf,Inf,Inf,Inf,Inf,Inf,Inf,Inf,Inf,Inf,Inf,Inf,Inf,Inf,Inf,Inf,Inf,Inf,Inf,Inf,Inf,Inf,Inf,Inf,Inf,Inf,Inf,Inf,Inf,Inf,Inf,Inf,Inf,Inf,Inf,Inf,Inf,Inf,Inf,Inf,Inf,Inf,Inf,Inf,Inf,Inf,Inf,Inf,Inf,Inf,Inf,Inf,Inf,Inf,Inf,Inf,Inf,Inf,Inf,Inf,Inf,Inf,Inf,Inf,Inf,Inf,Inf,Inf,Inf,Inf,Inf,Inf,Inf,Inf,Inf,Inf,Inf,Inf,Inf,Inf,Inf,Inf,Inf,Inf,Inf,Inf,Inf,Inf,Inf,Inf,Inf,Inf,Inf,Inf,Inf,Inf,Inf,Inf,Inf,Inf,Inf,Inf,Inf,Inf,Inf,Inf,Inf,Inf,Inf,Inf,Inf,Inf,Inf,Inf,Inf,Inf,Inf,Inf,Inf,Inf,Inf,Inf,Inf,Inf,Inf,Inf,Inf,Inf,Inf,Inf,Inf,Inf,Inf,Inf,Inf,Inf,Inf,Inf,Inf,Inf,Inf,Inf,Inf,Inf,Inf,Inf,Inf,Inf,Inf,Inf,Inf,Inf,Inf,Inf,Inf,Inf,Inf,Inf,Inf,Inf,Inf,Inf]';

% Constraints
nlcon = @(x)[x(71);
             x(72);
             x(73);
             x(74);
             x(75);
             x(76);
             x(77);
             x(78);
             x(79);
             x(80);
             -x(1)+x(11)-120000*x(51);
             -x(2)+x(12)-120000*x(52);
             -x(3)+x(13)-120000*x(53);
             -x(4)+x(14)-120000*x(54);
             -x(5)+x(15)-120000*x(55);
             -x(6)+x(16)-120000*x(56);
             -x(7)+x(17)-120000*x(57);
             -x(8)+x(18)-120000*x(58);
             -x(9)+x(19)-120000*x(59);
             -x(10)+x(20)-120000*x(60);
             -x(1)+x(21)-120000*x(61);
             -x(2)+x(22)-120000*x(62);
             -x(3)+x(23)-120000*x(63);
             -x(4)+x(24)-120000*x(64);
             -x(5)+x(25)-120000*x(65);
             -x(6)+x(26)-120000*x(66);
             -x(7)+x(27)-120000*x(67);
             -x(8)+x(28)-120000*x(68);
             -x(9)+x(29)-120000*x(69);
             -x(10)+x(30)-120000*x(70);
             -x(1)+x(31)-120000*x(71);
             -x(2)+x(32)-120000*x(72);
             -x(3)+x(33)-120000*x(73);
             -x(4)+x(34)-120000*x(74);
             -x(5)+x(35)-120000*x(75);
             -x(6)+x(36)-120000*x(76);
             -x(7)+x(37)-120000*x(77);
             -x(8)+x(38)-120000*x(78);
             -x(9)+x(39)-120000*x(79);
             -x(10)+x(40)-120000*x(80);
             x(1)-x(11)-120000*x(41);
             x(2)-x(12)-120000*x(42);
             x(3)-x(13)-120000*x(43);
             x(4)-x(14)-120000*x(44);
             x(5)-x(15)-120000*x(45);
             x(6)-x(16)-120000*x(46);
             x(7)-x(17)-120000*x(47);
             x(8)-x(18)-120000*x(48);
             x(9)-x(19)-120000*x(49);
             x(10)-x(20)-120000*x(50);
             -x(11)+x(21)-120000*x(61);
             -x(12)+x(22)-120000*x(62);
             -x(13)+x(23)-120000*x(63);
             -x(14)+x(24)-120000*x(64);
             -x(15)+x(25)-120000*x(65);
             -x(16)+x(26)-120000*x(66);
             -x(17)+x(27)-120000*x(67);
             -x(18)+x(28)-120000*x(68);
             -x(19)+x(29)-120000*x(69);
             -x(20)+x(30)-120000*x(70);
             -x(11)+x(31)-120000*x(71);
             -x(12)+x(32)-120000*x(72);
             -x(13)+x(33)-120000*x(73);
             -x(14)+x(34)-120000*x(74);
             -x(15)+x(35)-120000*x(75);
             -x(16)+x(36)-120000*x(76);
             -x(17)+x(37)-120000*x(77);
             -x(18)+x(38)-120000*x(78);
             -x(19)+x(39)-120000*x(79);
             -x(20)+x(40)-120000*x(80);
             x(1)-x(21)-120000*x(41);
             x(2)-x(22)-120000*x(42);
             x(3)-x(23)-120000*x(43);
             x(4)-x(24)-120000*x(44);
             x(5)-x(25)-120000*x(45);
             x(6)-x(26)-120000*x(46);
             x(7)-x(27)-120000*x(47);
             x(8)-x(28)-120000*x(48);
             x(9)-x(29)-120000*x(49);
             x(10)-x(30)-120000*x(50);
             x(11)-x(21)-120000*x(51);
             x(12)-x(22)-120000*x(52);
             x(13)-x(23)-120000*x(53);
             x(14)-x(24)-120000*x(54);
             x(15)-x(25)-120000*x(55);
             x(16)-x(26)-120000*x(56);
             x(17)-x(27)-120000*x(57);
             x(18)-x(28)-120000*x(58);
             x(19)-x(29)-120000*x(59);
             x(20)-x(30)-120000*x(60);
             -x(21)+x(31)-120000*x(71);
             -x(22)+x(32)-120000*x(72);
             -x(23)+x(33)-120000*x(73);
             -x(24)+x(34)-120000*x(74);
             -x(25)+x(35)-120000*x(75);
             -x(26)+x(36)-120000*x(76);
             -x(27)+x(37)-120000*x(77);
             -x(28)+x(38)-120000*x(78);
             -x(29)+x(39)-120000*x(79);
             -x(30)+x(40)-120000*x(80);
             x(1)-x(31)-120000*x(41);
             x(2)-x(32)-120000*x(42);
             x(3)-x(33)-120000*x(43);
             x(4)-x(34)-120000*x(44);
             x(5)-x(35)-120000*x(45);
             x(6)-x(36)-120000*x(46);
             x(7)-x(37)-120000*x(47);
             x(8)-x(38)-120000*x(48);
             x(9)-x(39)-120000*x(49);
             x(10)-x(40)-120000*x(50);
             x(11)-x(31)-120000*x(51);
             x(12)-x(32)-120000*x(52);
             x(13)-x(33)-120000*x(53);
             x(14)-x(34)-120000*x(54);
             x(15)-x(35)-120000*x(55);
             x(16)-x(36)-120000*x(56);
             x(17)-x(37)-120000*x(57);
             x(18)-x(38)-120000*x(58);
             x(19)-x(39)-120000*x(59);
             x(20)-x(40)-120000*x(60);
