% MATLAB - BARON Interface [J.Currie I2C2]
% Interface Version: v1.39 [22/05/12]
% File Generated: 22-May-2012 10:54:40
% Model: BatchS101006M

% Objective
fun = @(x)250*(exp(0.6*x(1)+x(111)+x(121))+exp(0.6*x(2)+x(112)+x(122))+exp(0.6*x(3)+x(113)+x(123))+exp(0.6*x(4)+x(114)+x(124))+exp(0.6*x(5)+x(115)+x(125))+exp(0.6*x(6)+x(116)+x(126))+exp(0.6*x(7)+x(117)+x(127))+exp(0.6*x(8)+x(118)+x(128))+exp(0.6*x(9)+x(119)+x(129))+exp(0.6*x(10)+x(120)+x(130)))+150*(exp(0.5*x(131))+exp(0.5*x(132))+exp(0.5*x(133))+exp(0.5*x(134))+exp(0.5*x(135))+exp(0.5*x(136))+exp(0.5*x(137))+exp(0.5*x(138))+exp(0.5*x(139)));

% Bounds
lb = [5.7037824746562,5.7037824746562,5.7037824746562,5.7037824746562,5.7037824746562,5.7037824746562,5.7037824746562,5.7037824746562,5.7037824746562,5.7037824746562,3.79423996977176,3.79423996977176,3.79423996977176,3.79423996977176,3.79423996977176,3.79423996977176,3.79423996977176,3.79423996977176,3.79423996977176,3.79423996977176,3.29891853254174,3.29891853254174,3.29891853254174,3.29891853254174,3.29891853254174,3.29891853254174,3.29891853254174,3.29891853254174,3.29891853254174,3.29891853254174,3.44998754583159,3.44998754583159,3.44998754583159,3.44998754583159,3.44998754583159,3.44998754583159,3.44998754583159,3.44998754583159,3.44998754583159,3.44998754583159,3.31620416882876,3.31620416882876,3.31620416882876,3.31620416882876,3.31620416882876,3.31620416882876,3.31620416882876,3.31620416882876,3.31620416882876,3.31620416882876,2.83321334405622,2.83321334405622,2.83321334405622,2.83321334405622,2.83321334405622,2.83321334405622,2.83321334405622,2.83321334405622,2.83321334405622,2.83321334405622,2.69500248570973,2.69500248570973,2.69500248570973,2.69500248570973,2.69500248570973,2.69500248570973,2.69500248570973,2.69500248570973,2.69500248570973,2.69500248570973,3.5656126601013,3.5656126601013,3.5656126601013,3.5656126601013,3.5656126601013,3.5656126601013,3.5656126601013,3.5656126601013,3.5656126601013,3.5656126601013,3.16641225533246,3.16641225533246,3.16641225533246,3.16641225533246,3.16641225533246,3.16641225533246,3.16641225533246,3.16641225533246,3.16641225533246,3.16641225533246,3.54136181951467,3.54136181951467,3.54136181951467,3.54136181951467,3.54136181951467,3.54136181951467,3.54136181951467,3.54136181951467,3.54136181951467,3.54136181951467,3.3489289531164,3.3489289531164,3.3489289531164,3.3489289531164,3.3489289531164,3.3489289531164,3.3489289531164,3.3489289531164,3.3489289531164,3.3489289531164,0,0,0,0,0,0,0,0,0,0,0,0,0,0,0,0,0,0,0,0,4.60517018598809,4.60517018598809,4.60517018598809,4.60517018598809,4.60517018598809,4.60517018598809,4.60517018598809,4.60517018598809,4.60517018598809,-Inf,-Inf,-Inf,-Inf,-Inf,-Inf,-Inf,-Inf,-Inf,-Inf,-Inf,-Inf,-Inf,-Inf,-Inf,-Inf,-Inf,-Inf,-Inf,-Inf,-Inf,-Inf,-Inf,-Inf,-Inf,-Inf,-Inf,-Inf,-Inf,-Inf,-Inf,-Inf,-Inf,-Inf,-Inf,-Inf,-Inf,-Inf,-Inf,-Inf,-Inf,-Inf,-Inf,-Inf,-Inf,-Inf,-Inf,-Inf,-Inf,-Inf,-Inf,-Inf,-Inf,-Inf,-Inf,-Inf,-Inf,-Inf,-Inf,-Inf,-Inf,-Inf,-Inf,-Inf,-Inf,-Inf,-Inf,-Inf,-Inf,-Inf,-Inf,-Inf,-Inf,-Inf,-Inf,-Inf,-Inf,-Inf,-Inf,-Inf,-Inf,-Inf,-Inf,-Inf,-Inf,-Inf,-Inf,-Inf,-Inf,-Inf,-Inf,-Inf,-Inf,-Inf,-Inf,-Inf,-Inf,-Inf,-Inf,-Inf,-Inf,-Inf,-Inf,-Inf,-Inf,-Inf,-Inf,-Inf,-Inf,-Inf,-Inf,-Inf,-Inf,-Inf,-Inf,-Inf,-Inf,-Inf,-Inf,-Inf,-Inf,-Inf,-Inf,-Inf,-Inf,-Inf,-Inf,-Inf,-Inf,-Inf,-Inf,-Inf,-Inf,-Inf,-Inf,-Inf,-Inf,-Inf,-Inf]';
ub = [8.1605182474775,8.1605182474775,8.1605182474775,8.1605182474775,8.1605182474775,8.1605182474775,8.1605182474775,8.1605182474775,8.1605182474775,8.1605182474775,6.35222947629824,6.35222947629824,6.35222947629824,6.35222947629824,6.35222947629824,6.35222947629824,6.35222947629824,6.35222947629824,6.35222947629824,6.35222947629824,6.93674281585539,6.93674281585539,6.93674281585539,6.93674281585539,6.93674281585539,6.93674281585539,6.93674281585539,6.93674281585539,6.93674281585539,6.93674281585539,6.70190322477799,6.70190322477799,6.70190322477799,6.70190322477799,6.70190322477799,6.70190322477799,6.70190322477799,6.70190322477799,6.70190322477799,6.70190322477799,6.40266032992513,6.40266032992513,6.40266032992513,6.40266032992513,6.40266032992513,6.40266032992513,6.40266032992513,6.40266032992513,6.40266032992513,6.40266032992513,6.65644085070123,6.65644085070123,6.65644085070123,6.65644085070123,6.65644085070123,6.65644085070123,6.65644085070123,6.65644085070123,6.65644085070123,6.65644085070123,6.65644085070123,6.65644085070123,6.65644085070123,6.65644085070123,6.65644085070123,6.65644085070123,6.65644085070123,6.65644085070123,6.65644085070123,6.65644085070123,6.51185962189012,6.51185962189012,6.51185962189012,6.51185962189012,6.51185962189012,6.51185962189012,6.51185962189012,6.51185962189012,6.51185962189012,6.51185962189012,6.49281142691943,6.49281142691943,6.49281142691943,6.49281142691943,6.49281142691943,6.49281142691943,6.49281142691943,6.49281142691943,6.49281142691943,6.49281142691943,6.51185962189012,6.51185962189012,6.51185962189012,6.51185962189012,6.51185962189012,6.51185962189012,6.51185962189012,6.51185962189012,6.51185962189012,6.51185962189012,6.33596895542646,6.33596895542646,6.33596895542646,6.33596895542646,6.33596895542646,6.33596895542646,6.33596895542646,6.33596895542646,6.33596895542646,6.33596895542646,1.79175946922805,1.79175946922805,1.79175946922805,1.79175946922805,1.79175946922805,1.79175946922805,1.79175946922805,1.79175946922805,1.79175946922805,1.79175946922805,1.79175946922805,1.79175946922805,1.79175946922805,1.79175946922805,1.79175946922805,1.79175946922805,1.79175946922805,1.79175946922805,1.79175946922805,1.79175946922805,9.61580548008435,9.61580548008435,9.61580548008435,9.61580548008435,9.61580548008435,9.61580548008435,9.61580548008435,9.61580548008435,9.61580548008435,Inf,Inf,Inf,Inf,Inf,Inf,Inf,Inf,Inf,Inf,Inf,Inf,Inf,Inf,Inf,Inf,Inf,Inf,Inf,Inf,Inf,Inf,Inf,Inf,Inf,Inf,Inf,Inf,Inf,Inf,Inf,Inf,Inf,Inf,Inf,Inf,Inf,Inf,Inf,Inf,Inf,Inf,Inf,Inf,Inf,Inf,Inf,Inf,Inf,Inf,Inf,Inf,Inf,Inf,Inf,Inf,Inf,Inf,Inf,Inf,Inf,Inf,Inf,Inf,Inf,Inf,Inf,Inf,Inf,Inf,Inf,Inf,Inf,Inf,Inf,Inf,Inf,Inf,Inf,Inf,Inf,Inf,Inf,Inf,Inf,Inf,Inf,Inf,Inf,Inf,Inf,Inf,Inf,Inf,Inf,Inf,Inf,Inf,Inf,Inf,Inf,Inf,Inf,Inf,Inf,Inf,Inf,Inf,Inf,Inf,Inf,Inf,Inf,Inf,Inf,Inf,Inf,Inf,Inf,Inf,Inf,Inf,Inf,Inf,Inf,Inf,Inf,Inf,Inf,Inf,Inf,Inf,Inf,Inf,Inf,Inf,Inf,Inf,Inf]';

% Constraints
