% This BARON input file was generated by the MATLAB/BARON interface.
% The BARON/MATLAB interface was developed by J. Currie.  The interface
% is provided free of charge and with no warranties from The Optimization
% Firm, http://www.minlp.com.
% Interface version: v1.51 [17-Dec-2013]
% File generated: 30-Jan-2014 13:50:25
% Model: bayes2_20

% Objective
fun = @(x)x(67)+x(68)+x(69)+x(70)+x(71)+x(72)+x(73)+x(74)+x(75)+x(76)+x(77)+x(78)+x(79)+x(80)+x(81)+x(82)+x(83)+x(84)+x(85)+x(86);

% Bounds
lb = [0,0,0,0,0,0,0,0,0,0,0,0,0,0,0,0,0,0,0,0,0,0,0,0,0,0,0,0,0,0,0,0,0,0,0,0,0,0,0,0,0,0,0,0,0,0,0,0,0,0,0,0,0,0,0,0,0,0,0,0,0,0,0,0,0,0,0,0,0,0,0,0,0,0,0,0,0,0,0,0,0,0,0,0,0,0]';
ub = [Inf,10000,10000,10000,10000,10000,10000,10000,10000,10000,10000,1,1,1,1,1,1,1,1,1,1,1,1,1,1,1,1,1,1,1,1,1,1,1,1,1,1,1,1,1,1,1,1,1,1,1,1,1,1,1,1,1,1,1,1,1,1,1,1,1,1,1,1,1,1,1,1000,1000,1000,1000,1000,1000,1000,1000,1000,1000,1000,1000,1000,1000,1000,1000,1000,1000,1000,1000]';

% Constraints
nlcon = @(x)[0.2*x(2)-x(12)*(0.2*x(2)+0.32003200320032*x(3)+0.3840672124824*x(4)+0.409692183046145*x(5)+0.409702429449282*x(6)+0.393314332271309*x(7)+0.367084193942431*x(8)+0.335603041715*x(9)+0.302020066201112*x(10)+0.268435410656179*x(11));
             0.32003200320032*x(3)-x(13)*(0.2*x(2)+0.32003200320032*x(3)+0.3840672124824*x(4)+0.409692183046145*x(5)+0.409702429449282*x(6)+0.393314332271309*x(7)+0.367084193942431*x(8)+0.335603041715*x(9)+0.302020066201112*x(10)+0.268435410656179*x(11));
             0.0399839983998399*x(3)-x(14)*(0.0399839983998399*x(3)+0.0959807923180794*x(4)+0.153596150395582*x(5)+0.204825598716796*x(6)+0.245821457669569*x(7)+0.275347581122294*x(8)+0.2937261297672*x(9)+0.302133422913057*x(10)+0.302140983052761*x(11));
             0.3840672124824*x(4)-x(15)*(0.2*x(2)+0.32003200320032*x(3)+0.3840672124824*x(4)+0.409692183046145*x(5)+0.409702429449282*x(6)+0.393314332271309*x(7)+0.367084193942431*x(8)+0.335603041715*x(9)+0.302020066201112*x(10)+0.268435410656179*x(11));
             0.0959807923180794*x(4)-x(16)*(0.0399839983998399*x(3)+0.0959807923180794*x(4)+0.153596150395582*x(5)+0.204825598716796*x(6)+0.245821457669569*x(7)+0.275347581122294*x(8)+0.2937261297672*x(9)+0.302133422913057*x(10)+0.302140983052761*x(11));
             0.00799040096048009*x(4)-x(17)*(0.00799040096048009*x(4)+0.0255769561603844*x(5)+0.0511679852758392*x(6)+0.0818892538741687*x(7)+0.114670766025168*x(8)+0.146807956791712*x(9)+0.176200402504464*x(10)+0.201402121569511*x(11));
             0.409692183046145*x(5)-x(18)*(0.2*x(2)+0.32003200320032*x(3)+0.3840672124824*x(4)+0.409692183046145*x(5)+0.409702429449282*x(6)+0.393314332271309*x(7)+0.367084193942431*x(8)+0.335603041715*x(9)+0.302020066201112*x(10)+0.268435410656179*x(11));
             0.153596150395582*x(5)-x(19)*(0.0399839983998399*x(3)+0.0959807923180794*x(4)+0.153596150395582*x(5)+0.204825598716796*x(6)+0.245821457669569*x(7)+0.275347581122294*x(8)+0.2937261297672*x(9)+0.302133422913057*x(10)+0.302140983052761*x(11));
             0.0255769561603844*x(5)-x(20)*(0.00799040096048009*x(4)+0.0255769561603844*x(5)+0.0511679852758392*x(6)+0.0818892538741687*x(7)+0.114670766025168*x(8)+0.146807956791712*x(9)+0.176200402504464*x(10)+0.201402121569511*x(11));
             0.001596161920384*x(5)-x(21)*(0.001596161920384*x(5)+0.00638720256256101*x(6)+0.0153350375081317*x(7)+0.0286354282546281*x(8)+0.0458315860606947*x(9)+0.0660172990246554*x(10)+0.0880472935145168*x(11));
             0.409702429449282*x(6)-x(22)*(0.2*x(2)+0.32003200320032*x(3)+0.3840672124824*x(4)+0.409692183046145*x(5)+0.409702429449282*x(6)+0.393314332271309*x(7)+0.367084193942431*x(8)+0.335603041715*x(9)+0.302020066201112*x(10)+0.268435410656179*x(11));
             0.204825598716796*x(6)-x(23)*(0.0399839983998399*x(3)+0.0959807923180794*x(4)+0.153596150395582*x(5)+0.204825598716796*x(6)+0.245821457669569*x(7)+0.275347581122294*x(8)+0.2937261297672*x(9)+0.302133422913057*x(10)+0.302140983052761*x(11));
             0.0511679852758392*x(6)-x(24)*(0.00799040096048009*x(4)+0.0255769561603844*x(5)+0.0511679852758392*x(6)+0.0818892538741687*x(7)+0.114670766025168*x(8)+0.146807956791712*x(9)+0.176200402504464*x(10)+0.201402121569511*x(11));
             0.00638720256256101*x(6)-x(25)*(0.001596161920384*x(5)+0.00638720256256101*x(6)+0.0153350375081317*x(7)+0.0286354282546281*x(8)+0.0458315860606947*x(9)+0.0660172990246554*x(10)+0.0880472935145168*x(11));
             0.000318721407871794*x(6)-x(26)*(0.000318721407871794*x(6)+0.00153062807182051*x(7)+0.00428779555860749*x(8)+0.00915141635884911*x(9)+0.0164795558845939*x(10)+0.0263778458318911*x(11));
             0.393314332271309*x(7)-x(27)*(0.2*x(2)+0.32003200320032*x(3)+0.3840672124824*x(4)+0.409692183046145*x(5)+0.409702429449282*x(6)+0.393314332271309*x(7)+0.367084193942431*x(8)+0.335603041715*x(9)+0.302020066201112*x(10)+0.268435410656179*x(11));
             0.245821457669569*x(7)-x(28)*(0.0399839983998399*x(3)+0.0959807923180794*x(4)+0.153596150395582*x(5)+0.204825598716796*x(6)+0.245821457669569*x(7)+0.275347581122294*x(8)+0.2937261297672*x(9)+0.302133422913057*x(10)+0.302140983052761*x(11));
             0.0818892538741687*x(7)-x(29)*(0.00799040096048009*x(4)+0.0255769561603844*x(5)+0.0511679852758392*x(6)+0.0818892538741687*x(7)+0.114670766025168*x(8)+0.146807956791712*x(9)+0.176200402504464*x(10)+0.201402121569511*x(11));
             0.0153350375081317*x(7)-x(30)*(0.001596161920384*x(5)+0.00638720256256101*x(6)+0.0153350375081317*x(7)+0.0286354282546281*x(8)+0.0458315860606947*x(9)+0.0660172990246554*x(10)+0.0880472935145168*x(11));
             0.00153062807182051*x(7)-x(31)*(0.000318721407871794*x(6)+0.00153062807182051*x(7)+0.00428779555860749*x(8)+0.00915141635884911*x(9)+0.0164795558845939*x(10)+0.0263778458318911*x(11));
             6.36167292350403e-5*x(7)-x(32)*(6.36167292350403e-5*x(7)+0.00035646756425478*x(8)+0.00114135256538535*x(9)+0.00274075394854443*x(10)+0.00548438828108048*x(11));
             0.367084193942431*x(8)-x(33)*(0.2*x(2)+0.32003200320032*x(3)+0.3840672124824*x(4)+0.409692183046145*x(5)+0.409702429449282*x(6)+0.393314332271309*x(7)+0.367084193942431*x(8)+0.335603041715*x(9)+0.302020066201112*x(10)+0.268435410656179*x(11));
             0.275347581122294*x(8)-x(34)*(0.0399839983998399*x(3)+0.0959807923180794*x(4)+0.153596150395582*x(5)+0.204825598716796*x(6)+0.245821457669569*x(7)+0.275347581122294*x(8)+0.2937261297672*x(9)+0.302133422913057*x(10)+0.302140983052761*x(11));
             0.114670766025168*x(8)-x(35)*(0.00799040096048009*x(4)+0.0255769561603844*x(5)+0.0511679852758392*x(6)+0.0818892538741687*x(7)+0.114670766025168*x(8)+0.146807956791712*x(9)+0.176200402504464*x(10)+0.201402121569511*x(11));
             0.0286354282546281*x(8)-x(36)*(0.001596161920384*x(5)+0.00638720256256101*x(6)+0.0153350375081317*x(7)+0.0286354282546281*x(8)+0.0458315860606947*x(9)+0.0660172990246554*x(10)+0.0880472935145168*x(11));
             0.00428779555860749*x(8)-x(37)*(0.000318721407871794*x(6)+0.00153062807182051*x(7)+0.00428779555860749*x(8)+0.00915141635884911*x(9)+0.0164795558845939*x(10)+0.0263778458318911*x(11));
             0.00035646756425478*x(8)-x(38)*(6.36167292350403e-5*x(7)+0.00035646756425478*x(8)+0.00114135256538535*x(9)+0.00274075394854443*x(10)+0.00548438828108048*x(11));
             1.26927914843577e-5*x(8)-x(39)*(1.26927914843577e-5*x(8)+8.12907690382152e-5*x(9)+0.000292844463262116*x(10)+0.000781426623017516*x(11));
             0.335603041715*x(9)-x(40)*(0.2*x(2)+0.32003200320032*x(3)+0.3840672124824*x(4)+0.409692183046145*x(5)+0.409702429449282*x(6)+0.393314332271309*x(7)+0.367084193942431*x(8)+0.335603041715*x(9)+0.302020066201112*x(10)+0.268435410656179*x(11));
             0.2937261297672*x(9)-x(41)*(0.0399839983998399*x(3)+0.0959807923180794*x(4)+0.153596150395582*x(5)+0.204825598716796*x(6)+0.245821457669569*x(7)+0.275347581122294*x(8)+0.2937261297672*x(9)+0.302133422913057*x(10)+0.302140983052761*x(11));
