% This BARON input file was generated by the MATLAB/BARON interface.
% The BARON/MATLAB interface was developed by J. Currie.  The interface
% is provided free of charge and with no warranties from The Optimization
% Firm, http://www.minlp.com.
% Interface version: v1.51 [17-Dec-2013]
% File generated: 30-Jan-2014 13:50:26
% Model: bayes2_50

% Objective
fun = @(x)x(67)+x(68)+x(69)+x(70)+x(71)+x(72)+x(73)+x(74)+x(75)+x(76)+x(77)+x(78)+x(79)+x(80)+x(81)+x(82)+x(83)+x(84)+x(85)+x(86);

% Bounds
lb = [0,0,0,0,0,0,0,0,0,0,0,0,0,0,0,0,0,0,0,0,0,0,0,0,0,0,0,0,0,0,0,0,0,0,0,0,0,0,0,0,0,0,0,0,0,0,0,0,0,0,0,0,0,0,0,0,0,0,0,0,0,0,0,0,0,0,0,0,0,0,0,0,0,0,0,0,0,0,0,0,0,0,0,0,0,0]';
ub = [Inf,10000,10000,10000,10000,10000,10000,10000,10000,10000,10000,1,1,1,1,1,1,1,1,1,1,1,1,1,1,1,1,1,1,1,1,1,1,1,1,1,1,1,1,1,1,1,1,1,1,1,1,1,1,1,1,1,1,1,1,1,1,1,1,1,1,1,1,1,1,1,1000,1000,1000,1000,1000,1000,1000,1000,1000,1000,1000,1000,1000,1000,1000,1000,1000,1000,1000,1000]';

% Constraints
nlcon = @(x)[0.5*x(2)-x(12)*(0.5*x(2)+0.5000500050005*x(3)+0.375037503750375*x(4)+0.249999992497001*x(5)+0.156218732806561*x(6)+0.0937031062453125*x(7)+0.0546382681253312*x(8)+0.0312062456311301*x(9)+0.017542972627178*x(10)+0.00973926749128362*x(11));
             0.5000500050005*x(3)-x(13)*(0.5*x(2)+0.5000500050005*x(3)+0.375037503750375*x(4)+0.249999992497001*x(5)+0.156218732806561*x(6)+0.0937031062453125*x(7)+0.0546382681253312*x(8)+0.0312062456311301*x(9)+0.017542972627178*x(10)+0.00973926749128362*x(11));
             0.24997499749975*x(3)-x(14)*(0.24997499749975*x(3)+0.375037503750375*x(4)+0.375075018755251*x(5)+0.312562515629377*x(6)+0.234398432806401*x(7)+0.164046067482601*x(8)+0.109331212792365*x(9)+0.0702562148313726*x(10)+0.0438881594251137*x(11));
             0.375037503750375*x(4)-x(15)*(0.5*x(2)+0.5000500050005*x(3)+0.375037503750375*x(4)+0.249999992497001*x(5)+0.156218732806561*x(6)+0.0937031062453125*x(7)+0.0546382681253312*x(8)+0.0312062456311301*x(9)+0.017542972627178*x(10)+0.00973926749128362*x(11));
             0.375037503750375*x(4)-x(16)*(0.24997499749975*x(3)+0.375037503750375*x(4)+0.375075018755251*x(5)+0.312562515629377*x(6)+0.234398432806401*x(7)+0.164046067482601*x(8)+0.109331212792365*x(9)+0.0702562148313726*x(10)+0.0438881594251137*x(11));
             0.124962496249625*x(4)-x(17)*(0.124962496249625*x(4)+0.249999992497001*x(5)+0.312562515629377*x(6)+0.312593787516885*x(7)+0.273519564077274*x(8)+0.218793754368866*x(9)+0.164062470437224*x(10)+0.117152290970943*x(11));
             0.249999992497001*x(5)-x(18)*(0.5*x(2)+0.5000500050005*x(3)+0.375037503750375*x(4)+0.249999992497001*x(5)+0.156218732806561*x(6)+0.0937031062453125*x(7)+0.0546382681253312*x(8)+0.0312062456311301*x(9)+0.017542972627178*x(10)+0.00973926749128362*x(11));
             0.375075018755251*x(5)-x(19)*(0.24997499749975*x(3)+0.375037503750375*x(4)+0.375075018755251*x(5)+0.312562515629377*x(6)+0.234398432806401*x(7)+0.164046067482601*x(8)+0.109331212792365*x(9)+0.0702562148313726*x(10)+0.0438881594251137*x(11));
             0.249999992497001*x(5)-x(20)*(0.124962496249625*x(4)+0.249999992497001*x(5)+0.312562515629377*x(6)+0.312593787516885*x(7)+0.273519564077274*x(8)+0.218793754368866*x(9)+0.164062470437224*x(10)+0.117152290970943*x(11));
             0.0624624981253751*x(5)-x(21)*(0.0624624981253751*x(5)+0.156218732806561*x(6)+0.234398432806401*x(7)+0.273519564077274*x(8)+0.273546935193458*x(9)+0.246192241674115*x(10)+0.205139666893903*x(11));
             0.156218732806561*x(6)-x(22)*(0.5*x(2)+0.5000500050005*x(3)+0.375037503750375*x(4)+0.249999992497001*x(5)+0.156218732806561*x(6)+0.0937031062453125*x(7)+0.0546382681253312*x(8)+0.0312062456311301*x(9)+0.017542972627178*x(10)+0.00973926749128362*x(11));
             0.312562515629377*x(6)-x(23)*(0.24997499749975*x(3)+0.375037503750375*x(4)+0.375075018755251*x(5)+0.312562515629377*x(6)+0.234398432806401*x(7)+0.164046067482601*x(8)+0.109331212792365*x(9)+0.0702562148313726*x(10)+0.0438881594251137*x(11));
             0.312562515629377*x(6)-x(24)*(0.124962496249625*x(4)+0.249999992497001*x(5)+0.312562515629377*x(6)+0.312593787516885*x(7)+0.273519564077274*x(8)+0.218793754368866*x(9)+0.164062470437224*x(10)+0.117152290970943*x(11));
             0.156218732806561*x(6)-x(25)*(0.0624624981253751*x(5)+0.156218732806561*x(6)+0.234398432806401*x(7)+0.273519564077274*x(8)+0.273546935193458*x(9)+0.246192241674115*x(10)+0.205139666893903*x(11));
             0.0312187515640633*x(6)-x(26)*(0.0312187515640633*x(6)+0.0937031062453125*x(7)+0.164046067482601*x(8)+0.218793754368866*x(9)+0.246192241674115*x(10)+0.246216883075546*x(11));
             0.0937031062453125*x(7)-x(27)*(0.5*x(2)+0.5000500050005*x(3)+0.375037503750375*x(4)+0.249999992497001*x(5)+0.156218732806561*x(6)+0.0937031062453125*x(7)+0.0546382681253312*x(8)+0.0312062456311301*x(9)+0.017542972627178*x(10)+0.00973926749128362*x(11));
             0.234398432806401*x(7)-x(28)*(0.24997499749975*x(3)+0.375037503750375*x(4)+0.375075018755251*x(5)+0.312562515629377*x(6)+0.234398432806401*x(7)+0.164046067482601*x(8)+0.109331212792365*x(9)+0.0702562148313726*x(10)+0.0438881594251137*x(11));
             0.312593787516885*x(7)-x(29)*(0.124962496249625*x(4)+0.249999992497001*x(5)+0.312562515629377*x(6)+0.312593787516885*x(7)+0.273519564077274*x(8)+0.218793754368866*x(9)+0.164062470437224*x(10)+0.117152290970943*x(11));
             0.234398432806401*x(7)-x(30)*(0.0624624981253751*x(5)+0.156218732806561*x(6)+0.234398432806401*x(7)+0.273519564077274*x(8)+0.273546935193458*x(9)+0.246192241674115*x(10)+0.205139666893903*x(11));
             0.0937031062453125*x(7)-x(31)*(0.0312187515640633*x(6)+0.0937031062453125*x(7)+0.164046067482601*x(8)+0.218793754368866*x(9)+0.246192241674115*x(10)+0.246216883075546*x(11));
             0.0156015671898445*x(7)-x(32)*(0.0156015671898445*x(7)+0.0546382681253312*x(8)+0.109331212792365*x(9)+0.164062470437224*x(10)+0.205139666893903*x(11));
             0.0546382681253312*x(8)-x(33)*(0.5*x(2)+0.5000500050005*x(3)+0.375037503750375*x(4)+0.249999992497001*x(5)+0.156218732806561*x(6)+0.0937031062453125*x(7)+0.0546382681253312*x(8)+0.0312062456311301*x(9)+0.017542972627178*x(10)+0.00973926749128362*x(11));
             0.164046067482601*x(8)-x(34)*(0.24997499749975*x(3)+0.375037503750375*x(4)+0.375075018755251*x(5)+0.312562515629377*x(6)+0.234398432806401*x(7)+0.164046067482601*x(8)+0.109331212792365*x(9)+0.0702562148313726*x(10)+0.0438881594251137*x(11));
             0.273519564077274*x(8)-x(35)*(0.124962496249625*x(4)+0.249999992497001*x(5)+0.312562515629377*x(6)+0.312593787516885*x(7)+0.273519564077274*x(8)+0.218793754368866*x(9)+0.164062470437224*x(10)+0.117152290970943*x(11));
             0.273519564077274*x(8)-x(36)*(0.0624624981253751*x(5)+0.156218732806561*x(6)+0.234398432806401*x(7)+0.273519564077274*x(8)+0.273546935193458*x(9)+0.246192241674115*x(10)+0.205139666893903*x(11));
             0.164046067482601*x(8)-x(37)*(0.0312187515640633*x(6)+0.0937031062453125*x(7)+0.164046067482601*x(8)+0.218793754368866*x(9)+0.246192241674115*x(10)+0.246216883075546*x(11));
             0.0546382681253312*x(8)-x(38)*(0.0156015671898445*x(7)+0.0546382681253312*x(8)+0.109331212792365*x(9)+0.164062470437224*x(10)+0.205139666893903*x(11));
             0.00779610031479713*x(8)-x(39)*(0.00779610031479713*x(8)+0.0312062456311301*x(9)+0.0702562148313726*x(10)+0.117152290970943*x(11));
             0.0312062456311301*x(9)-x(40)*(0.5*x(2)+0.5000500050005*x(3)+0.375037503750375*x(4)+0.249999992497001*x(5)+0.156218732806561*x(6)+0.0937031062453125*x(7)+0.0546382681253312*x(8)+0.0312062456311301*x(9)+0.017542972627178*x(10)+0.00973926749128362*x(11));
             0.109331212792365*x(9)-x(41)*(0.24997499749975*x(3)+0.375037503750375*x(4)+0.375075018755251*x(5)+0.312562515629377*x(6)+0.234398432806401*x(7)+0.164046067482601*x(8)+0.109331212792365*x(9)+0.0702562148313726*x(10)+0.0438881594251137*x(11));
