% This BARON input file was generated by the MATLAB/BARON interface.
% The BARON/MATLAB interface was developed by J. Currie.  The interface
% is provided free of charge and with no warranties from The Optimization
% Firm, http://www.minlp.com.
% Interface version: v1.51 [17-Dec-2013]
% File generated: 30-Jan-2014 13:50:29
% Model: camcge

% Objective
fun = @(x)-x(213)^0.2744*x(214)^0.00445*x(216)^0.05599*x(217)^0.14099*x(218)^0.17738*x(221)^0.004*x(222)^0.31921*x(223)^0.02358;

% Bounds
lb = [0.01,0.01,0.01,0.01,0.01,0.01,0.01,0.01,0.01,0.01,0.01,0.01,0.01,0.01,0.01,0.01,0.01,0.01,0.01,0.01,-Inf,-Inf,-Inf,-Inf,-Inf,-Inf,-Inf,-Inf,-Inf,0.01,0.01,0.01,0.01,0.01,0.01,0.01,0.01,0.01,0.01,0.01,0.01,0.01,0.01,0.01,0.01,0.01,0.01,0.01,0.01,0.01,0.01,0.01,0.01,0.01,0.01,0.01,0.01,0.01,0.01,0.01,0.01,0.01,-Inf,-Inf,-Inf,-Inf,-Inf,-Inf,-Inf,-Inf,-Inf,-Inf,-Inf,3.90160160745986,3.8620476576681,3.72606006408823,3.51847551492889,3.44416661500417,4.04648603153022,3.7694172104051,3.75544539582394,4.76190476190476,0.01,0.01,0.01,0.01,0.01,0.01,0.01,0.01,0.01,0.2205,0.233,0.278,0.3534,0.3826,0.1768,0.2633,0.268,0,0.01,0.01,0.01,0.01,0.01,0.01,0.01,0.01,0.01,0.01,0.01,0.01,0.01,0.01,0.01,0.01,0.01,0.01,0.01,0.01,0.01,0.01,0.01,0.01,0.01,0.01,0.01,0.01,0.01,0.01,-Inf,0.01,-Inf,0.01,0.01,0.01,0.01,0.01,0.01,0.01,0.01,0.01,0.01,0.01,0.01,0.01,0.01,0.01,0.01,0.01,0.01,495.73,170.89,73.76,140,236.87,853.13,102.51,20.6,435.29,769.73,180.36,0.01,0.01,0.01,2270.04,515.064,132.515,0.01,0.01,0,0.01,0.01,0.01,0.01,0.01,0.01,0.01,0.01,0.01,0.01,0.01,0.01,0.01,0.01,0.01,0.01,0.01,0.01,0.01,0.01,0.01,0.01,0.01,0.01,0.01,0.01,0.01,0,0.01,0.01,0.01,0.01,0.01,0.01,0.01,0.01,0.01,0.01,0.01,0.01,0.01,-Inf,-Inf,-Inf,-Inf,-Inf,-Inf,-Inf,-Inf,-Inf,-Inf,-Inf,-Inf,-Inf,-Inf,-Inf,-Inf,-Inf,-Inf,-Inf,-Inf,-Inf,-Inf,-Inf,-Inf,-Inf,-Inf,-Inf,-Inf,-Inf,-Inf,-Inf,-Inf,-Inf,-Inf,-Inf,-Inf,-Inf,-Inf,-Inf,-Inf,-Inf,-Inf,-Inf,-Inf,0.01,-Inf,-Inf,-Inf,-Inf,135.03,0.09305,-Inf,-Inf,-Inf,-Inf,36.841,-Inf,-Inf,-Inf,-Inf,-Inf,-Inf,-Inf,-Inf,-Inf,-Inf,-Inf]';
ub = [Inf,Inf,Inf,Inf,Inf,Inf,Inf,Inf,Inf,Inf,Inf,Inf,Inf,Inf,Inf,Inf,Inf,Inf,Inf,Inf,Inf,Inf,Inf,Inf,Inf,Inf,Inf,Inf,Inf,Inf,Inf,Inf,Inf,Inf,Inf,Inf,Inf,Inf,Inf,Inf,Inf,Inf,Inf,Inf,Inf,Inf,Inf,Inf,Inf,Inf,Inf,Inf,Inf,Inf,Inf,Inf,Inf,Inf,Inf,Inf,Inf,Inf,Inf,Inf,Inf,Inf,Inf,Inf,Inf,Inf,Inf,Inf,Inf,3.90160160745986,3.8620476576681,3.72606006408823,3.51847551492889,3.44416661500417,4.04648603153022,3.7694172104051,3.75544539582394,4.76190476190476,Inf,Inf,Inf,Inf,Inf,Inf,Inf,Inf,Inf,0.2205,0.233,0.278,0.3534,0.3826,0.1768,0.2633,0.268,0,Inf,Inf,Inf,Inf,Inf,Inf,Inf,Inf,Inf,Inf,Inf,Inf,Inf,Inf,Inf,Inf,Inf,Inf,Inf,Inf,Inf,Inf,Inf,Inf,Inf,Inf,Inf,Inf,Inf,Inf,Inf,Inf,Inf,Inf,Inf,Inf,Inf,Inf,Inf,Inf,Inf,Inf,Inf,Inf,Inf,Inf,Inf,Inf,Inf,Inf,Inf,495.73,170.89,73.76,140,236.87,853.13,102.51,20.6,435.29,769.73,180.36,Inf,Inf,Inf,2270.04,515.064,132.515,Inf,Inf,0,Inf,Inf,Inf,Inf,Inf,Inf,Inf,Inf,Inf,Inf,Inf,Inf,Inf,Inf,Inf,Inf,Inf,Inf,Inf,Inf,Inf,Inf,Inf,Inf,Inf,Inf,Inf,0,Inf,Inf,Inf,Inf,Inf,Inf,Inf,Inf,Inf,Inf,Inf,Inf,Inf,Inf,Inf,Inf,Inf,Inf,Inf,Inf,Inf,Inf,Inf,Inf,Inf,Inf,Inf,Inf,Inf,Inf,Inf,Inf,Inf,Inf,Inf,Inf,Inf,Inf,Inf,Inf,Inf,Inf,Inf,Inf,Inf,Inf,Inf,Inf,Inf,Inf,Inf,Inf,Inf,Inf,Inf,Inf,Inf,Inf,Inf,Inf,Inf,Inf,135.03,0.09305,Inf,Inf,Inf,Inf,36.841,Inf,Inf,Inf,Inf,Inf,Inf,Inf,Inf,Inf,Inf,Inf]';

% Constraints
nlcon = @(x)[-0.21*x(74)*(1+x(92))+x(12);
             -0.21*x(75)*(1+x(93))+x(13);
             -0.21*x(76)*(1+x(94))+x(14);
             -0.21*x(77)*(1+x(95))+x(15);
             -0.21*x(78)*(1+x(96))+x(16);
             -0.21*x(79)*(1+x(97))+x(17);
             -0.21*x(80)*(1+x(98))+x(18);
             -0.21*x(81)*(1+x(99))+x(19);
             -0.21*x(82)*(1+x(100))+x(20);
             x(21)-0.21*x(83);
             x(22)-0.21*x(84);
             x(23)-0.21*x(85);
             x(24)-0.21*x(86);
             x(25)-0.21*x(87);
             x(26)-0.21*x(88);
             x(27)-0.21*x(89);
             x(28)-0.21*x(90);
             x(29)-0.21*x(91);
             x(52)*x(101)-(x(1)*x(123)+x(12)*x(143));
             x(53)*x(102)-(x(2)*x(124)+x(13)*x(144));
             x(54)*x(103)-(x(3)*x(125)+x(14)*x(145));
             x(55)*x(104)-(x(4)*x(126)+x(15)*x(146));
             x(56)*x(105)-(x(5)*x(127)+x(16)*x(147));
             x(57)*x(106)-(x(6)*x(128)+x(17)*x(148));
             x(58)*x(107)-(x(7)*x(129)+x(18)*x(149));
             x(59)*x(108)-(x(8)*x(130)+x(19)*x(150));
             x(60)*x(109)-x(9)*x(131);
             x(61)*x(110)-(x(10)*x(132)+x(20)*x(151));
             x(62)*x(111)-x(11)*x(133);
             x(41)*x(112)-(x(1)*x(123)+x(21)*x(134));
             x(42)*x(113)-(x(2)*x(124)+x(22)*x(135));
             x(43)*x(114)-(x(3)*x(125)+x(23)*x(136));
             x(44)*x(115)-(x(4)*x(126)+x(24)*x(137));
             x(45)*x(116)-(x(5)*x(127)+x(25)*x(138));
             x(46)*x(117)-(x(6)*x(128)+x(26)*x(139));
             x(47)*x(118)-(x(7)*x(129)+x(27)*x(140));
             x(48)*x(119)-(x(8)*x(130)+x(28)*x(141));
             x(49)*x(120)-x(9)*x(131);
             x(50)*x(121)-(x(10)*x(132)+x(29)*x(142));
             x(51)*x(122)-x(11)*x(133);
             0.998*x(41)-0.03046*x(52)-0.00341*x(55)-0.00676*x(57)-2e-5*x(58)-0.00041*x(59)-0.00472*x(60)-0.00375*x(61)-0.00022*x(62)-x(63);
             0.809*x(42)-0.01518*x(53)-0.00629*x(55)-0.12385*x(57)-0.00025*x(58)-0.00971*x(59)-0.00113*x(60)-0.30649*x(61)-0.00293*x(62)-x(64);
             0.943*x(43)-0.02095*x(57)-0.00017*x(58)-0.02427*x(59)-0.00318*x(60)-0.26666*x(61)-0.00327*x(62)-x(65);
             0.962*x(44)-0.30266*x(52)-0.02043*x(53)-0.00243*x(54)-0.03241*x(55)-0.00105*x(56)-0.03794*x(57)-0.11238*x(58)-0.00931*x(59)-0.10456*x(60)-0.101*x(61)-0.00536*x(62)-x(66);
             0.904*x(45)-0.00206*x(52)-0.01123*x(53)-0.01234*x(55)-0.05385*x(56)-0.08309*x(57)-0.05095*x(58)-0.01229*x(59)-0.01831*x(60)-0.26072*x(61)-0.00539*x(62)-x(67);
             0.974*x(46)-0.00669*x(53)-0.02106*x(54)-0.00503*x(55)-0.00435*x(56)-0.23461*x(57)-0.05593*x(58)-0.05259*x(59)-0.05302*x(60)-0.23006*x(61)-0.00957*x(62)-x(68);
             0.986*x(47)-0.18289*x(57)-0.27608*x(58)-0.02053*x(59)-0.00172*x(60)-0.11793*x(61)-0.00486*x(62)-x(69);
             0.971*x(48)-0.01567*x(57)-0.11722*x(58)-0.05013*x(59)-0.00031*x(60)-0.09922*x(61)-0.00081*x(62)-x(70);
             0.966*x(49)-0.14665*x(57)-0.18643*x(58)-0.02622*x(59)-0.01457*x(60)-0.13692*x(61)-0.00447*x(62)-x(71);
             0.924*x(50)-0.0412*x(52)-0.00092*x(55)-0.00103*x(56)-0.00929*x(57)-0.00018*x(58)-0.00389*x(59)-0.00385*x(60)-0.13728*x(61)-0.00219*x(62)-x(72);
             x(51)-0.01532*x(55)-0.00338*x(56)-0.08466*x(57)-0.00394*x(60)-0.24145*x(61)-x(73);
             x(30)-0.23637*x(52)-0.5953*x(59)-0.16833*x(60);
             x(31)-0.60608*x(59)-0.39392*x(60);
             x(32)-0.63876*x(59)-0.36124*x(60);
             x(33)-0.60608*x(59)-0.39392*x(60);
             x(34)-0.78723*x(59)-0.21277*x(60);
             x(35)-0.63876*x(59)-0.36124*x(60);
             x(36)-0.63876*x(59)-0.36124*x(60);
             x(37)-0.60608*x(59)-0.39392*x(60);
             x(38)-0.71728*x(59)-0.28272*x(60);
             x(39)-0.1761*x(59)-0.8239*x(60);
             x(40)-0.1761*x(59)-0.8239*x(60);
             -0.348626201365843*x(169)^0.591704143715924*x(170)^0.0582597238824299*x(152)^0.350036132401646+x(112);
             -0.680185222690116*x(172)^0.483284656725633*x(173)^0.0550000588458315*x(174)^0.0611187968573009*x(153)^0.400596487571234+x(113);
             -1.11768973028935*x(175)^0.149254235561449*x(176)^0.0348456180057085*x(177)^0.116263119367405*x(154)^0.699637027065438+x(114);
             -2.21735910972658*x(178)^0.124340785725101*x(179)^0.0903068596031718*x(180)^0.225706847485217*x(155)^0.559645507186511+x(115);
             -1.88694831454469*x(181)^0.0757828604821368*x(182)^0.100164472424532*x(183)^0.333883770474614*x(156)^0.490168896618717+x(116);
