% This BARON input file was generated by the MATLAB/BARON interface.
% The BARON/MATLAB interface was developed by J. Currie.  The interface
% is provided free of charge and with no warranties from The Optimization
% Firm, http://www.minlp.com.
% Interface version: v1.51 [17-Dec-2013]
% File generated: 30-Jan-2014 14:33:53
% Model: ex8_3_10

% Objective
fun = @(x)-x(99)/x(100);

% Bounds
lb = [0,0,0,0,0,0,0,0,0,0,0,0,0,0,0,0,0,0,0,0,0,0,0,0,0,0,0,0,0,0,0,0,0,0,0,0,0,0,0,0,0,0,0,0,0,0,0,0,0,0,0,0,0,0,0,0,0,0,0,0,0,0,0,0,0,0,0,0,0,0,0,0,0,0,0,0,0,0,0,0,0,0,0,0,0,0,0,0,0,0,0,0,0,0,0,0,0,0,0,0,0,0,0,0,0,0,0,0,0,0,0,0,0,0,0,0,0,0,0,0,0,0,0,0,0,0,0,0,0,0,0,0,0,0,0,0,0,0,0,0,0]';
ub = [1000,1000,1000,1000,1000,1000,1000,1000,1000,1000,10,10,10,10,10,10,10,10,10,10,10,10,10,10,10,10,10,10,10,10,10,10,10,10,10,1000,1000,1000,1000,1000,10,10,10,10,10,10,10,10,10,10,10,10,10,10,10,10,10,10,10,10,10,10,10,10,10,1000,1000,1000,1000,1000,1000,1000,1000,1000,1000,1000,1000,1000,1000,1000,1000,1000,1000,1000,1000,1000,1000,1000,1000,1000,1000,1000,1000,1000,1000,1000,10,10,10,10,10,10000,10000,10000,10000,10000,10000,10000,10000,10000,10000,10000,10000,10000,10000,10000,10000,10000,10000,10000,10000,10000,10000,10000,10000,10000,10000,10000,10000,10000,10000,10000,10000,10000,10000,10000,10000,10000,10000,10000,10000]';

% Constraints
nlcon = @(x)[-x(1)-x(2)-x(3)-x(4)-x(5);
             -x(1)+x(6)-x(66)-x(71)-x(76)-x(81)-x(86);
             -x(2)+x(7)-x(67)-x(72)-x(77)-x(82)-x(87);
             -x(3)+x(8)-x(68)-x(73)-x(78)-x(83)-x(88);
             -x(4)+x(9)-x(69)-x(74)-x(79)-x(84)-x(89);
             -x(5)+x(10)-x(70)-x(75)-x(80)-x(85)-x(90);
             x(11)*x(6)-(x(41)*x(66)+x(46)*x(71)+x(51)*x(76)+x(56)*x(81)+x(61)*x(86))-x(1);
             x(12)*x(6)-(x(42)*x(66)+x(47)*x(71)+x(52)*x(76)+x(57)*x(81)+x(62)*x(86));
             x(13)*x(6)-(x(43)*x(66)+x(48)*x(71)+x(53)*x(76)+x(58)*x(81)+x(63)*x(86));
             x(14)*x(6)-(x(44)*x(66)+x(49)*x(71)+x(54)*x(76)+x(59)*x(81)+x(64)*x(86));
             x(15)*x(6)-(x(45)*x(66)+x(50)*x(71)+x(55)*x(76)+x(60)*x(81)+x(65)*x(86));
             x(16)*x(7)-(x(41)*x(67)+x(46)*x(72)+x(51)*x(77)+x(56)*x(82)+x(61)*x(87))-x(2);
             x(17)*x(7)-(x(42)*x(67)+x(47)*x(72)+x(52)*x(77)+x(57)*x(82)+x(62)*x(87));
             x(18)*x(7)-(x(43)*x(67)+x(48)*x(72)+x(53)*x(77)+x(58)*x(82)+x(63)*x(87));
             x(19)*x(7)-(x(44)*x(67)+x(49)*x(72)+x(54)*x(77)+x(59)*x(82)+x(64)*x(87));
             x(20)*x(7)-(x(45)*x(67)+x(50)*x(72)+x(55)*x(77)+x(60)*x(82)+x(65)*x(87));
             x(21)*x(8)-(x(41)*x(68)+x(46)*x(73)+x(51)*x(78)+x(56)*x(83)+x(61)*x(88))-x(3);
             x(22)*x(8)-(x(42)*x(68)+x(47)*x(73)+x(52)*x(78)+x(57)*x(83)+x(62)*x(88));
             x(23)*x(8)-(x(43)*x(68)+x(48)*x(73)+x(53)*x(78)+x(58)*x(83)+x(63)*x(88));
             x(24)*x(8)-(x(44)*x(68)+x(49)*x(73)+x(54)*x(78)+x(59)*x(83)+x(64)*x(88));
             x(25)*x(8)-(x(45)*x(68)+x(50)*x(73)+x(55)*x(78)+x(60)*x(83)+x(65)*x(88));
             x(26)*x(9)-(x(41)*x(69)+x(46)*x(74)+x(51)*x(79)+x(56)*x(84)+x(61)*x(89))-x(4);
             x(27)*x(9)-(x(42)*x(69)+x(47)*x(74)+x(52)*x(79)+x(57)*x(84)+x(62)*x(89));
             x(28)*x(9)-(x(43)*x(69)+x(48)*x(74)+x(53)*x(79)+x(58)*x(84)+x(63)*x(89));
             x(29)*x(9)-(x(44)*x(69)+x(49)*x(74)+x(54)*x(79)+x(59)*x(84)+x(64)*x(89));
             x(30)*x(9)-(x(45)*x(69)+x(50)*x(74)+x(55)*x(79)+x(60)*x(84)+x(65)*x(89));
             x(31)*x(10)-(x(41)*x(70)+x(46)*x(75)+x(51)*x(80)+x(56)*x(85)+x(61)*x(90))-x(5);
             x(32)*x(10)-(x(42)*x(70)+x(47)*x(75)+x(52)*x(80)+x(57)*x(85)+x(62)*x(90));
             x(33)*x(10)-(x(43)*x(70)+x(48)*x(75)+x(53)*x(80)+x(58)*x(85)+x(63)*x(90));
             x(34)*x(10)-(x(44)*x(70)+x(49)*x(75)+x(54)*x(80)+x(59)*x(85)+x(64)*x(90));
             x(35)*x(10)-(x(45)*x(70)+x(50)*x(75)+x(55)*x(80)+x(60)*x(85)+x(65)*x(90));
             -x(6)+x(36);
             -x(7)+x(37);
             -x(8)+x(38);
             -x(9)+x(39);
             -x(10)+x(40);
             x(41)*x(36)-(x(11)*x(6)+x(102)*(-x(107)-x(108)-2*x(111)));
             x(42)*x(36)-(x(12)*x(6)+x(102)*(x(109)-x(112)));
             x(43)*x(36)-(x(13)*x(6)+x(102)*(x(110)+x(111)-x(113)));
             x(44)*x(36)-(x(14)*x(6)+x(102)*(x(108)-x(109)-2*x(110)+x(112)+2*x(113)));
             x(45)*x(36)-(x(15)*x(6)+x(102)*x(107));
             x(46)*x(37)-(x(16)*x(7)+x(103)*(-x(114)-x(115)-2*x(118)));
             x(47)*x(37)-(x(17)*x(7)+x(103)*(x(116)-x(119)));
             x(48)*x(37)-(x(18)*x(7)+x(103)*(x(117)+x(118)-x(120)));
             x(49)*x(37)-(x(19)*x(7)+x(103)*(x(115)-x(116)-2*x(117)+x(119)+2*x(120)));
             x(50)*x(37)-(x(20)*x(7)+x(103)*x(114));
             x(51)*x(38)-(x(21)*x(8)+x(104)*(-x(121)-x(122)-2*x(125)));
             x(52)*x(38)-(x(22)*x(8)+x(104)*(x(123)-x(126)));
             x(53)*x(38)-(x(23)*x(8)+x(104)*(x(124)+x(125)-x(127)));
             x(54)*x(38)-(x(24)*x(8)+x(104)*(x(122)-x(123)-2*x(124)+x(126)+2*x(127)));
             x(55)*x(38)-(x(25)*x(8)+x(104)*x(121));
             x(56)*x(39)-(x(26)*x(9)+x(105)*(-x(128)-x(129)-2*x(132)));
             x(57)*x(39)-(x(27)*x(9)+x(105)*(x(130)-x(133)));
             x(58)*x(39)-(x(28)*x(9)+x(105)*(x(131)+x(132)-x(134)));
             x(59)*x(39)-(x(29)*x(9)+x(105)*(x(129)-x(130)-2*x(131)+x(133)+2*x(134)));
             x(60)*x(39)-(x(30)*x(9)+x(105)*x(128));
             x(61)*x(40)-(x(31)*x(10)+x(106)*(-x(135)-x(136)-2*x(139)));
             x(62)*x(40)-(x(32)*x(10)+x(106)*(x(137)-x(140)));
             x(63)*x(40)-(x(33)*x(10)+x(106)*(x(138)+x(139)-x(141)));
             x(64)*x(40)-(x(34)*x(10)+x(106)*(x(136)-x(137)-2*x(138)+x(140)+2*x(141)));
             x(65)*x(40)-(x(35)*x(10)+x(106)*x(135));
             -0.33384*x(41)+x(107);
             -0.33384*x(46)+x(114);
             -0.33384*x(51)+x(121);
             -0.33384*x(56)+x(128);
             -0.33384*x(61)+x(135);
             -0.26687*x(41)+x(108);
             -0.26687*x(46)+x(115);
             -0.26687*x(51)+x(122);
             -0.26687*x(56)+x(129);
             -0.26687*x(61)+x(136);
             -0.1494*x(44)+x(109);
             -0.1494*x(49)+x(116);
             -0.1494*x(54)+x(123);
             -0.1494*x(59)+x(130);
             -0.1494*x(64)+x(137);
             -0.18957*x(44)*x(44)+x(110);
             -0.18957*x(49)*x(49)+x(117);
             -0.18957*x(54)*x(54)+x(124);
             -0.18957*x(59)*x(59)+x(131);
             -0.18957*x(64)*x(64)+x(138);
             -0.009598*x(41)*x(41)+x(111);
             -0.009598*x(46)*x(46)+x(118);
             -0.009598*x(51)*x(51)+x(125);
             -0.009598*x(56)*x(56)+x(132);
             -0.009598*x(61)*x(61)+x(139);
             -0.29425*x(42)+x(112);
             -0.29425*x(47)+x(119);
             -0.29425*x(52)+x(126);
             -0.29425*x(57)+x(133);
             -0.29425*x(62)+x(140);
             -0.011932*x(43)+x(113);
             -0.011932*x(48)+x(120);
             -0.011932*x(53)+x(127);
             -0.011932*x(58)+x(134);
             -0.011932*x(63)+x(141);
             x(36)-x(66)-x(67)-x(68)-x(69)-x(70)-x(91);
             x(37)-x(71)-x(72)-x(73)-x(74)-x(75)-x(92);
             x(38)-x(76)-x(77)-x(78)-x(79)-x(80)-x(93);
             x(39)-x(81)-x(82)-x(83)-x(84)-x(85)-x(94);
             x(40)-x(86)-x(87)-x(88)-x(89)-x(90)-x(95);
             -x(91)-x(92)-x(93)-x(94)-x(95)+x(96);
             x(96)*x(97)-(x(91)*x(41)+x(92)*x(46)+x(93)*x(51)+x(94)*x(56)+x(95)*x(61));
             x(96)*x(98)-(x(91)*x(42)+x(92)*x(47)+x(93)*x(52)+x(94)*x(57)+x(95)*x(62));
             x(96)*x(99)-(x(91)*x(43)+x(92)*x(48)+x(93)*x(53)+x(94)*x(58)+x(95)*x(63));
             x(96)*x(100)-(x(91)*x(44)+x(92)*x(49)+x(93)*x(54)+x(94)*x(59)+x(95)*x(64));
             x(96)*x(101)-(x(91)*x(45)+x(92)*x(50)+x(93)*x(55)+x(94)*x(60)+x(95)*x(65));
             x(102)+x(103)+x(104)+x(105)+x(106)];
