% This BARON input file was generated by the MATLAB/BARON interface.
% The BARON/MATLAB interface was developed by J. Currie.  The interface
% is provided free of charge and with no warranties from The Optimization
% Firm, http://www.minlp.com.
% Interface version: v1.51 [17-Dec-2013]
% File generated: 30-Jan-2014 14:57:37
% Model: ganges

% Objective
fun = @(x)-7*x(278)-122*x(335)-458*x(336);

% Bounds
lb = [0.001,0.001,0.001,0.001,0.001,0.001,18.812,14.039,21.458,99.952,46.21,26.942,-Inf,-Inf,-Inf,-Inf,-Inf,-Inf,0.001,0.001,0.001,0.001,0.001,0.001,31.599,5.043,0.001,41.709,0.001,0.001,0.001,0.001,0.001,0.001,0.001,0.001,0.001,0.001,0.001,0.001,0.001,0.001,0.001,0.001,0.001,0.001,0.001,0.001,0.001,0.001,0.001,0.001,0.001,0.001,0.001,0.001,0.001,0.001,0.001,0.001,0.001,0.001,0.001,0.001,0.001,0.001,0.001,0.001,0.001,0.001,0.001,0.001,0.001,0.001,0.001,0.001,0.001,0.001,0.001,0.001,132.735,0.001,0.001,0.001,0,0.001,0.001,0.001,0.001,0.001,0.001,0.001,0.001,0.001,0.001,0.001,0.001,0.001,74,11.163208,-Inf,-Inf,0.001,0.001,0.001,0.001,0.001,0.001,0.001,0.001,0.001,0.001,0.001,0.001,0.001,0.001,0.001,0.001,0.001,0.001,0.001,0.001,0.001,0.001,0.001,0.001,0.001,0.001,0.001,0.001,0.001,0.001,0.001,0.001,0.001,0.001,0.001,0.001,0.001,0.001,0.001,0.001,0.001,0.001,0.001,0.001,-Inf,0.001,0.001,0.001,0.001,0.001,0.001,-Inf,-Inf,-Inf,-Inf,-Inf,-Inf,-Inf,-Inf,-Inf,-Inf,-Inf,-Inf,-Inf,-Inf,-Inf,-Inf,-Inf,-Inf,-Inf,-Inf,-Inf,-Inf,-Inf,-Inf,0,0,0,0,0,0,-Inf,-Inf,-Inf,-Inf,-Inf,-Inf,-Inf,-Inf,-Inf,-Inf,-Inf,-Inf,-Inf,-Inf,-Inf,-Inf,-Inf,-Inf,-Inf,-Inf,-Inf,-Inf,-Inf,-Inf,0,0,0,0,0,0,0,0,0,0,-Inf,0,0,0,0,-Inf,0,0,0,0,-Inf,0,0,0,0,-Inf,-Inf,-Inf,-Inf,-Inf,-Inf,-Inf,-Inf,-Inf,-Inf,-Inf,-Inf,-Inf,-Inf,-Inf,-Inf,-Inf,-Inf,-Inf,-Inf,-Inf,0.001,0.001,0.001,0.001,271.983222,933.448124,36.754046,152.413396,-2.65842,1.202406,11.889714,59.150856,9.77216,42.573546,-72.20452,29.581002,-Inf,-Inf,47.9,-Inf,-Inf,-Inf,-Inf,-Inf,-Inf,-Inf,-Inf,-Inf,-Inf,-Inf,-Inf,-Inf,-Inf,-Inf,-Inf,-Inf,-Inf,1.01348067626518,1.03337985506534,1.05197808397824,1.23262619930933,1.44511673885607,1.03366765198208,1,0.0212,0.0865,0.0972,0.1212,0.1056,0.3134,0.1629,0.4247,0.279,-0.0013,0.32,0.4,0.4,0,0,0.0731,0.6728,0.3781,0,0,0.11,0.11,0.11,0.11,0,0.045,0.045,0.045,0.045,0.045,0,-Inf,-Inf,0,-Inf,0.76777,0.77814,-Inf,-Inf,-Inf,-Inf,-Inf,-Inf,-Inf,-Inf,-Inf,-Inf,-Inf,-Inf,-Inf,-Inf,-Inf,-Inf,-Inf,-Inf,-Inf,-Inf,-Inf,-Inf]';
ub = [Inf,Inf,Inf,Inf,Inf,Inf,18.812,14.039,21.458,99.952,46.21,26.942,Inf,Inf,Inf,Inf,Inf,Inf,Inf,Inf,Inf,Inf,Inf,Inf,31.599,5.043,Inf,41.709,Inf,Inf,Inf,Inf,Inf,Inf,Inf,Inf,Inf,Inf,Inf,Inf,Inf,Inf,Inf,Inf,Inf,Inf,Inf,Inf,Inf,Inf,Inf,Inf,Inf,Inf,Inf,Inf,Inf,Inf,Inf,Inf,Inf,Inf,Inf,Inf,Inf,Inf,Inf,Inf,Inf,Inf,Inf,Inf,Inf,Inf,Inf,Inf,Inf,Inf,Inf,Inf,132.735,Inf,Inf,Inf,0,Inf,Inf,Inf,Inf,Inf,Inf,Inf,Inf,Inf,Inf,Inf,Inf,Inf,74,11.163208,Inf,Inf,Inf,Inf,Inf,Inf,Inf,Inf,Inf,Inf,Inf,Inf,Inf,Inf,Inf,Inf,Inf,Inf,Inf,Inf,Inf,Inf,Inf,Inf,Inf,Inf,Inf,Inf,Inf,Inf,Inf,Inf,Inf,Inf,Inf,Inf,Inf,Inf,Inf,Inf,Inf,Inf,Inf,Inf,Inf,Inf,Inf,Inf,Inf,Inf,Inf,Inf,Inf,Inf,Inf,Inf,Inf,Inf,Inf,Inf,Inf,Inf,Inf,Inf,Inf,Inf,Inf,Inf,Inf,Inf,Inf,Inf,Inf,Inf,Inf,Inf,Inf,0,0,0,0,0,0,Inf,Inf,Inf,Inf,Inf,Inf,Inf,Inf,Inf,Inf,Inf,Inf,Inf,Inf,Inf,Inf,Inf,Inf,Inf,Inf,Inf,Inf,Inf,Inf,0,0,0,0,0,0,0,0,0,0,Inf,0,0,0,0,Inf,0,0,0,0,Inf,0,0,0,0,Inf,Inf,Inf,Inf,Inf,Inf,Inf,Inf,Inf,Inf,Inf,Inf,Inf,Inf,Inf,Inf,Inf,Inf,Inf,Inf,Inf,Inf,Inf,Inf,Inf,Inf,Inf,Inf,Inf,Inf,Inf,Inf,Inf,Inf,Inf,Inf,Inf,Inf,Inf,47.9,Inf,Inf,Inf,Inf,Inf,Inf,Inf,Inf,Inf,Inf,Inf,Inf,Inf,Inf,Inf,Inf,Inf,Inf,1.01348067626518,1.03337985506534,1.05197808397824,1.23262619930933,1.44511673885607,1.03366765198208,1,0.0212,0.0865,0.0972,0.1212,0.1056,0.3134,0.1629,0.4247,0.279,-0.0013,0.32,0.4,0.4,0,0,0.0731,0.6728,0.3781,0,0,0.11,0.11,0.11,0.11,0,0.045,0.045,0.045,0.045,0.045,0,Inf,Inf,0,Inf,0.76777,0.77814,Inf,Inf,Inf,Inf,Inf,Inf,Inf,Inf,Inf,Inf,Inf,Inf,Inf,Inf,Inf,Inf,Inf,Inf,Inf,Inf,Inf,Inf]';

% Constraints
nlcon = @(x)[-(-271.883222+x(258))^0.32629*(-36.654046+x(260))^0.257648*(2.75842+x(262))^0.028424*(-11.789714+x(264))^0.039263*(-9.67216+x(266))^0.011206*(72.30452+x(268))^0.337169+122*x(335);
             -(-933.348124+x(259))^0.482105*(-152.313396+x(261))^0.26756*(-1.102406+x(263))^0.02644*(-59.050856+x(265))^0.015185*(-42.473546+x(267))^0.00897*(-29.481002+x(269))^0.19974+458*x(336);
             x(13)*x(19)-(x(1)*x(51)+x(25)*x(29));
             x(14)*x(20)-(x(2)*x(52)+x(26)*x(30));
             x(15)*x(21)-(x(3)*x(53)+x(27)*x(31));
             x(16)*x(22)-x(4)*x(54);
             x(17)*x(23)-(x(5)*x(55)+x(28)*x(32));
             x(18)*x(24)-x(6)*x(56);
             -1.37335205866786*(0.935172790874427*x(3)^(-0.111111111111111)+0.0648272091255735*x(27)^(-0.111111111111111))^(-9)+x(15);
             -(14.4256216407982*x(31)/x(53))^0.9*x(27)+x(3);
             x(29)-x(313)-x(329);
             x(30)-x(314)-x(330);
             x(31)-x(315)-x(331);
             x(32)-x(316)-x(332);
             -x(1)+x(13)-x(25);
             -x(2)+x(14)-x(26);
             -x(4)+x(16);
             -x(5)+x(17)-x(28);
             -x(6)+x(18);
             x(29)-x(51);
             x(30)-x(52);
             x(32)-x(55);
             x(1)*x(51)-(x(7)*x(148)+x(33)*x(57));
             x(2)*x(52)-(x(8)*x(149)+x(34)*x(58));
             x(3)*x(53)-(x(9)*x(150)+x(35)*x(59));
             x(4)*x(54)-(x(10)*x(151)+x(36)*x(60));
             x(5)*x(55)-(x(11)*x(152)+x(37)*x(61));
             x(6)*x(56)-(x(12)*x(153)+x(38)*x(62));
             -(0.999830049752914*x(33)^(-0.666666666666667)+0.000169950247086437*x(7)^(-0.666666666666667))^(-1.5)*x(291)+x(1);
             -(0.999216488783428*x(34)^(-0.666666666666667)+0.000783511216572053*x(8)^(-0.666666666666667))^(-1.5)*x(292)+x(2);
             -(0.998341320196982*x(35)^(-0.666666666666667)+0.00165867980301759*x(9)^(-0.666666666666667))^(-1.5)*x(293)+x(3);
             -(0.978345061898728*x(36)^(-0.666666666666667)+0.0216549381012723*x(10)^(-0.666666666666667))^(-1.5)*x(294)+x(4);
             -(0.931342742358028*x(37)^(-0.666666666666667)+0.0686572576419716*x(11)^(-0.666666666666667))^(-1.5)*x(295)+x(5);
             -(0.999205034635958*x(38)^(-0.666666666666667)+0.000794965364041778*x(12)^(-0.666666666666667))^(-1.5)*x(296)+x(6);
             -(5883.07499926375*x(148)/x(57))^0.6*x(7)+x(33);
             -(1275.30591477057*x(149)/x(58))^0.6*x(8)+x(34);
             -(601.889115898516*x(150)/x(59))^0.6*x(9)+x(35);
             -(45.178843611714*x(151)/x(60))^0.6*x(10)+x(36);
             -(13.5651025739292*x(152)/x(61))^0.6*x(11)+x(37);
             -(1256.91643917136*x(153)/x(62))^0.6*x(12)+x(38);
             x(33)*x(57)-(x(39)*x(75)+x(45)*x(111));
             x(34)*x(58)-(x(40)*x(76)+x(46)*x(112));
             x(35)*x(59)-(x(41)*x(77)+x(47)*x(113));
             x(36)*x(60)-(x(42)*x(78)+x(48)*x(114));
             x(37)*x(61)-(x(43)*x(79)+x(49)*x(115));
             x(38)*x(62)-(x(44)*x(80)+x(50)*x(116));
             -1.75063474805041*(0.74426803398849*x(39)^0.0740740740740742+0.25573196601151*x(45)^0.0740740740740742)^13.5+x(33);
             -1.77784164354371*(0.288707903434654*x(40)^0.242424242424242+0.711292096565346*x(46)^0.242424242424242)^4.125+x(34);
             -1.93555336045549*(0.388589113899894*x(41)^0.242424242424242+0.611410886100106*x(47)^0.242424242424242)^4.125+x(35);
             -1.90794711199359*(0.366362204276436*x(42)^0.242424242424242+0.633637795723564*x(48)^0.242424242424242)^4.125+x(36);
             -1.93188023434589*(0.614597181495738*x(43)^0.242424242424242+0.385402818504262*x(49)^0.242424242424242)^4.125+x(37);
             -1.85417689140605*(0.669412545028567*x(44)^0.242424242424242+0.330587454971433*x(50)^0.242424242424242)^4.125+x(38);
             -(2.91034416071001*x(111)/x(75))^1.08*x(45)+x(39);
             -(0.40589218526222*x(112)/x(76))^1.32*x(46)+x(40);
             -(0.63556132665304*x(113)/x(77))^1.32*x(47)+x(41);
             -(0.578188685632427*x(114)/x(78))^1.32*x(48)+x(42);
