% MATLAB - BARON Interface [J.Currie I2C2]
% Interface Version: v1.39 [22/05/12]
% File Generated: 22-May-2012 13:28:01
% Model: nuclear14a

% Objective
fun = @(x)-x(392);

% Bounds
lb = [0.00347222222222222,0.00347222222222222,0.00347222222222222,0.00347222222222222,0.00347222222222222,0.00347222222222222,0.00347222222222222,0.00347222222222222,0.00347222222222222,0.00347222222222222,0.00347222222222222,0.00347222222222222,0.00347222222222222,0.00347222222222222,0.00347222222222222,0.00347222222222222,0.00347222222222222,0.00347222222222222,0.00347222222222222,0.00347222222222222,0.00347222222222222,0.00347222222222222,0.00347222222222222,0.00347222222222222,0.00347222222222222,0.00347222222222222,0.00347222222222222,0.00347222222222222,0.00347222222222222,0.00347222222222222,0.00347222222222222,0.00347222222222222,0.00347222222222222,0.00347222222222222,0.00347222222222222,0.00347222222222222,0.00347222222222222,0.00347222222222222,0.00347222222222222,0.00347222222222222,0.00347222222222222,0.00347222222222222,0.00347222222222222,0.00347222222222222,0.00347222222222222,0.00347222222222222,0.00347222222222222,0.00347222222222222,0.00347222222222222,0.00347222222222222,0.00347222222222222,0.00347222222222222,0.00347222222222222,0.00347222222222222,0.00347222222222222,0.00347222222222222,0.00347222222222222,0.00347222222222222,0.00347222222222222,0.00347222222222222,0.00347222222222222,0.00347222222222222,0.00347222222222222,0.00347222222222222,0.00347222222222222,0.00347222222222222,0.00347222222222222,0.00347222222222222,0.00347222222222222,0.00347222222222222,0.00347222222222222,0.00347222222222222,0.00347222222222222,0.00347222222222222,0.00347222222222222,0.00347222222222222,0.00347222222222222,0.00347222222222222,0.00347222222222222,0.00347222222222222,0.00347222222222222,0.00347222222222222,0.00347222222222222,0.00347222222222222,0.00347222222222222,0.00347222222222222,0.00347222222222222,0.00347222222222222,0.00347222222222222,0.00347222222222222,0.00347222222222222,0.00347222222222222,0.00347222222222222,0.00347222222222222,0.00347222222222222,0.00347222222222222,0.00347222222222222,0.00347222222222222,0.00347222222222222,0.00347222222222222,0.00347222222222222,0.00347222222222222,0.00347222222222222,0.00347222222222222,0.00347222222222222,0.00347222222222222,0.00347222222222222,0.00347222222222222,0.00347222222222222,0.00347222222222222,0.00347222222222222,0.00347222222222222,0.00347222222222222,0.00347222222222222,0.00347222222222222,0.00347222222222222,0.00347222222222222,0.00347222222222222,0.00347222222222222,0.00347222222222222,0.00347222222222222,0.00347222222222222,0.00347222222222222,0.00347222222222222,0.00347222222222222,0.00347222222222222,0.00347222222222222,0.00347222222222222,0.00347222222222222,0.00347222222222222,0.00347222222222222,0.00347222222222222,0.00347222222222222,0.00347222222222222,0.00347222222222222,0.00347222222222222,0.00347222222222222,0.00347222222222222,0.00347222222222222,0.00347222222222222,0.00347222222222222,0.00347222222222222,0.00347222222222222,0.00347222222222222,0.00347222222222222,0.00347222222222222,0.00347222222222222,0.00347222222222222,0.00347222222222222,0.00347222222222222,0.00347222222222222,0.00347222222222222,0.00347222222222222,0.00347222222222222,0.00347222222222222,0.00347222222222222,0.00347222222222222,0.00347222222222222,0.00347222222222222,0.00347222222222222,0.00347222222222222,0.00347222222222222,0.00347222222222222,0.00347222222222222,0.00347222222222222,0.00347222222222222,0.00347222222222222,0.00347222222222222,0.00347222222222222,0.00347222222222222,0.00347222222222222,0.00347222222222222,0.00347222222222222,0.00347222222222222,0.00347222222222222,0.00347222222222222,0.00347222222222222,0.00347222222222222,0.00347222222222222,0.00347222222222222,0.00347222222222222,0.00347222222222222,0.00347222222222222,0.00347222222222222,0.00347222222222222,0.00347222222222222,0.00347222222222222,0.00347222222222222,0.00347222222222222,0.00347222222222222,0.00347222222222222,0.00347222222222222,0.12,0.12,0.12,0.12,0.12,0.12,0.12,0.12,0.12,0.12,0.12,0.12,0.12,0.12,0.12,0.12,0.12,0.12,0.12,0.12,0.12,0.12,0.12,0.12,0.12,0.12,0.12,0.12,0.12,0.12,0.12,0.12,0.12,0.12,0.12,0.12,0.12,0.12,0.12,0.12,0.12,0.12,0.12,0.12,0.12,0.12,0.12,0.12,0.12,0.12,0.12,0.12,0.12,0.12,0.12,0.12,0.12,0.12,0.12,0.12,0.12,0.12,0.12,0.12,0.12,0.12,0.12,0.12,0.12,0.12,0.12,0.12,0.12,0.12,0.12,0.12,0.12,0.12,0.12,0.12,0.12,0.12,0.12,0.12,0.12,0.12,0.12,0.12,0.12,0.12,0.12,0.12,0.12,0.12,0.12,0.12,0.12,0.12,0.12,0.12,0.12,0.12,0.12,0.12,0.12,0.12,0.12,0.12,0.12,0.12,0.12,0.12,0.12,0.12,0.12,0.12,0.12,0.12,0.12,0.12,0.12,0.12,0.12,0.12,0.12,0.12,0.12,0.12,0.12,0.12,0.12,0.12,0.12,0.12,0.12,0.12,0.12,0.12,0.12,0.12,0.12,0.12,0.12,0.12,0.12,0.12,0.12,0.12,0.12,0.12,0.12,0.12,0.12,0.12,0.12,0.12,0.12,0.12,0.12,0.12,0.12,0.12,0.12,0.12,0.12,0.12,0.12,0.12,0.12,0.12,0.12,0.12,0.12,0.12,0.12,0.12,0.12,0.12,0.12,0.12,0.12,0.12,0.12,0.12,0.12,0.12,0.12,0.12,0.12,0.12,0.12,0.12,0,0,0,0,0,0,0,0,-Inf,-Inf,-Inf,-Inf,-Inf,-Inf,-Inf,-Inf,-Inf,-Inf,-Inf,-Inf,-Inf,-Inf,-Inf,-Inf,-Inf,-Inf,-Inf,-Inf,-Inf,-Inf,-Inf,-Inf,-Inf,-Inf,-Inf,-Inf,-Inf,-Inf,-Inf,-Inf,-Inf,-Inf,-Inf,-Inf,-Inf,-Inf,-Inf,-Inf,-Inf,-Inf,-Inf,-Inf,-Inf,-Inf,-Inf,-Inf,-Inf,-Inf,-Inf,-Inf,-Inf,-Inf,-Inf,-Inf,-Inf,-Inf,-Inf,-Inf,-Inf,-Inf,-Inf,-Inf,-Inf,-Inf,-Inf,-Inf,-Inf,-Inf,-Inf,-Inf,-Inf,-Inf,-Inf,-Inf,-Inf,-Inf,-Inf,-Inf,-Inf,-Inf,-Inf,-Inf,-Inf,-Inf,-Inf,-Inf,-Inf,-Inf,-Inf,-Inf,-Inf,-Inf,-Inf,-Inf,-Inf,-Inf,-Inf,-Inf,-Inf,-Inf,-Inf,-Inf,-Inf,-Inf,-Inf,-Inf,-Inf,-Inf,-Inf,-Inf,-Inf,-Inf,-Inf,-Inf,-Inf,-Inf,-Inf,-Inf,-Inf,-Inf,-Inf,-Inf,-Inf,-Inf,-Inf,-Inf,-Inf,-Inf,-Inf,-Inf,-Inf,-Inf,-Inf,-Inf,-Inf,-Inf,-Inf,-Inf,-Inf,-Inf,-Inf,-Inf,-Inf,-Inf,-Inf,-Inf,-Inf,-Inf,-Inf,-Inf,-Inf,-Inf,-Inf,-Inf,-Inf,-Inf,-Inf,-Inf,-Inf,-Inf,-Inf,-Inf,-Inf,-Inf,-Inf,-Inf,-Inf,-Inf,-Inf,-Inf,-Inf,-Inf,-Inf,-Inf,-Inf,-Inf,-Inf,-Inf,-Inf,-Inf,-Inf,-Inf,-Inf,-Inf,-Inf,-Inf,-Inf,-Inf,-Inf,-Inf,-Inf,-Inf,-Inf,-Inf,-Inf,-Inf,-Inf,-Inf,-Inf,-Inf,-Inf,-Inf,-Inf,-Inf,-Inf,-Inf,-Inf,-Inf,-Inf,-Inf,-Inf,-Inf,-Inf,-Inf,-Inf,-Inf,-Inf,-Inf,-Inf,-Inf,-Inf,-Inf,-Inf,-Inf,-Inf,-Inf,-Inf,-Inf,-Inf,-Inf,-Inf,-Inf,-Inf,-Inf,-Inf,-Inf,-Inf,-Inf,-Inf,-Inf,-Inf,-Inf,-Inf,-Inf,-Inf,-Inf,-Inf,-Inf,-Inf,-Inf,-Inf,-Inf,-Inf,-Inf,-Inf,-Inf,-Inf,-Inf,-Inf,-Inf,-Inf,-Inf,-Inf,-Inf,-Inf,-Inf,-Inf,-Inf,-Inf,-Inf,-Inf,-Inf,-Inf,-Inf,-Inf,-Inf,-Inf,-Inf,-Inf,-Inf,-Inf,-Inf,-Inf,-Inf,-Inf,-Inf,-Inf,-Inf,-Inf,-Inf,-Inf,-Inf,-Inf,-Inf,-Inf,-Inf,-Inf,-Inf,-Inf,-Inf,-Inf,-Inf,-Inf,-Inf,-Inf,-Inf,-Inf,-Inf,-Inf,-Inf,-Inf,-Inf,-Inf,-Inf,-Inf,-Inf,-Inf,-Inf,-Inf,-Inf,-Inf,-Inf,-Inf,-Inf,-Inf,-Inf,-Inf,-Inf,-Inf,-Inf,-Inf,-Inf,-Inf,-Inf,-Inf,-Inf,-Inf,-Inf,-Inf,-Inf,-Inf,-Inf,-Inf,-Inf,-Inf,-Inf,-Inf,-Inf,-Inf,-Inf,-Inf,-Inf,-Inf,-Inf,-Inf,-Inf,-Inf,-Inf,-Inf,-Inf,-Inf,-Inf,-Inf,-Inf,-Inf,-Inf,-Inf,-Inf,-Inf,-Inf,-Inf,-Inf,-Inf,-Inf,-Inf,-Inf,-Inf,-Inf,-Inf,-Inf,-Inf,-Inf,-Inf,-Inf,-Inf,-Inf,-Inf,-Inf,-Inf,-Inf,-Inf,-Inf,-Inf,-Inf,-Inf,-Inf,-Inf,-Inf,-Inf,-Inf,-Inf,-Inf,-Inf,-Inf,-Inf,-Inf,-Inf,-Inf,-Inf,-Inf,-Inf,-Inf,-Inf,-Inf,-Inf,-Inf,-Inf,-Inf,-Inf,-Inf,-Inf,-Inf,-Inf,-Inf,-Inf,-Inf,-Inf,-Inf,-Inf,-Inf,-Inf,-Inf,-Inf,-Inf,-Inf,-Inf,-Inf,-Inf,-Inf,-Inf,-Inf,-Inf,-Inf,-Inf,-Inf,-Inf,-Inf,-Inf,-Inf,-Inf,-Inf,-Inf,-Inf,-Inf,-Inf,-Inf,-Inf,-Inf,-Inf,-Inf,-Inf,-Inf,-Inf,-Inf,-Inf,-Inf,-Inf,-Inf,-Inf,-Inf,-Inf,-Inf,-Inf,-Inf,-Inf,-Inf,-Inf,-Inf,-Inf,-Inf,-Inf,-Inf,-Inf,-Inf,-Inf,-Inf,-Inf,-Inf,-Inf,-Inf,-Inf,-Inf,-Inf,-Inf,-Inf,-Inf,-Inf,-Inf,-Inf,-Inf,-Inf,-Inf,-Inf,-Inf,-Inf,-Inf,-Inf,-Inf,-Inf,-Inf,-Inf,-Inf,-Inf,-Inf,-Inf,-Inf,-Inf,-Inf,-Inf,-Inf,-Inf,-Inf,-Inf,-Inf,-Inf,-Inf,-Inf,-Inf,-Inf,-Inf,-Inf,-Inf,-Inf,-Inf,-Inf,-Inf,-Inf,-Inf,-Inf,-Inf,-Inf,-Inf,-Inf,-Inf,-Inf,-Inf,-Inf,-Inf,-Inf,-Inf,-Inf,-Inf,-Inf,-Inf,-Inf,-Inf,-Inf,-Inf,-Inf,-Inf,-Inf,-Inf,-Inf,-Inf,-Inf,-Inf,-Inf,-Inf,-Inf,-Inf,-Inf,-Inf,-Inf,-Inf,-Inf,-Inf,-Inf,-Inf,-Inf,-Inf,-Inf,-Inf,-Inf,-Inf,-Inf,-Inf,-Inf,-Inf,-Inf,-Inf,-Inf,-Inf,-Inf,-Inf,-Inf,-Inf,-Inf,