% MATLAB - BARON Interface [J.Currie I2C2]
% Interface Version: v1.39 [22/05/12]
% File Generated: 22-May-2012 13:31:19
% Model: nuclear25a

% Objective
fun = @(x)-x(408);

% Bounds
lb = [0.00333333333333333,0.00333333333333333,0.00333333333333333,0.00333333333333333,0.00333333333333333,0.00333333333333333,0.00333333333333333,0.00333333333333333,0.00333333333333333,0.00333333333333333,0.00333333333333333,0.00333333333333333,0.00333333333333333,0.00333333333333333,0.00333333333333333,0.00333333333333333,0.00333333333333333,0.00333333333333333,0.00333333333333333,0.00333333333333333,0.00333333333333333,0.00333333333333333,0.00333333333333333,0.00333333333333333,0.00333333333333333,0.00333333333333333,0.00333333333333333,0.00333333333333333,0.00333333333333333,0.00333333333333333,0.00333333333333333,0.00333333333333333,0.00333333333333333,0.00333333333333333,0.00333333333333333,0.00333333333333333,0.00333333333333333,0.00333333333333333,0.00333333333333333,0.00333333333333333,0.00333333333333333,0.00333333333333333,0.00333333333333333,0.00333333333333333,0.00333333333333333,0.00333333333333333,0.00333333333333333,0.00333333333333333,0.00333333333333333,0.00333333333333333,0.00333333333333333,0.00333333333333333,0.00333333333333333,0.00333333333333333,0.00333333333333333,0.00333333333333333,0.00333333333333333,0.00333333333333333,0.00333333333333333,0.00333333333333333,0.00333333333333333,0.00333333333333333,0.00333333333333333,0.00333333333333333,0.00333333333333333,0.00333333333333333,0.00333333333333333,0.00333333333333333,0.00333333333333333,0.00333333333333333,0.00333333333333333,0.00333333333333333,0.00333333333333333,0.00333333333333333,0.00333333333333333,0.00333333333333333,0.00333333333333333,0.00333333333333333,0.00333333333333333,0.00333333333333333,0.00333333333333333,0.00333333333333333,0.00333333333333333,0.00333333333333333,0.00333333333333333,0.00333333333333333,0.00333333333333333,0.00333333333333333,0.00333333333333333,0.00333333333333333,0.00333333333333333,0.00333333333333333,0.00333333333333333,0.00333333333333333,0.00333333333333333,0.00333333333333333,0.00333333333333333,0.00333333333333333,0.00333333333333333,0.00333333333333333,0.00333333333333333,0.00333333333333333,0.00333333333333333,0.00333333333333333,0.00333333333333333,0.00333333333333333,0.00333333333333333,0.00333333333333333,0.00333333333333333,0.00333333333333333,0.00333333333333333,0.00333333333333333,0.00333333333333333,0.00333333333333333,0.00333333333333333,0.00333333333333333,0.00333333333333333,0.00333333333333333,0.00333333333333333,0.00333333333333333,0.00333333333333333,0.00333333333333333,0.00333333333333333,0.00333333333333333,0.00333333333333333,0.00333333333333333,0.00333333333333333,0.00333333333333333,0.00333333333333333,0.00333333333333333,0.00333333333333333,0.00333333333333333,0.00333333333333333,0.00333333333333333,0.00333333333333333,0.00333333333333333,0.00333333333333333,0.00333333333333333,0.00333333333333333,0.00333333333333333,0.00333333333333333,0.00333333333333333,0.00333333333333333,0.00333333333333333,0.00333333333333333,0.00333333333333333,0.00333333333333333,0.00333333333333333,0.00333333333333333,0.00333333333333333,0.00333333333333333,0.00333333333333333,0.00333333333333333,0.00333333333333333,0.00333333333333333,0.00333333333333333,0.00333333333333333,0.00333333333333333,0.00333333333333333,0.00333333333333333,0.00333333333333333,0.00333333333333333,0.00333333333333333,0.00333333333333333,0.00333333333333333,0.00333333333333333,0.00333333333333333,0.00333333333333333,0.00333333333333333,0.00333333333333333,0.00333333333333333,0.00333333333333333,0.00333333333333333,0.00333333333333333,0.00333333333333333,0.00333333333333333,0.00333333333333333,0.00333333333333333,0.00333333333333333,0.00333333333333333,0.00333333333333333,0.00333333333333333,0.00333333333333333,0.00333333333333333,0.00333333333333333,0.00333333333333333,0.00333333333333333,0.00333333333333333,0.00333333333333333,0.00333333333333333,0.00333333333333333,0.00333333333333333,0.00333333333333333,0.00333333333333333,0.00333333333333333,0.00333333333333333,0.00333333333333333,0.00333333333333333,0.00333333333333333,0.00333333333333333,0.12,0.12,0.12,0.12,0.12,0.12,0.12,0.12,0.12,0.12,0.12,0.12,0.12,0.12,0.12,0.12,0.12,0.12,0.12,0.12,0.12,0.12,0.12,0.12,0.12,0.12,0.12,0.12,0.12,0.12,0.12,0.12,0.12,0.12,0.12,0.12,0.12,0.12,0.12,0.12,0.12,0.12,0.12,0.12,0.12,0.12,0.12,0.12,0.12,0.12,0.12,0.12,0.12,0.12,0.12,0.12,0.12,0.12,0.12,0.12,0.12,0.12,0.12,0.12,0.12,0.12,0.12,0.12,0.12,0.12,0.12,0.12,0.12,0.12,0.12,0.12,0.12,0.12,0.12,0.12,0.12,0.12,0.12,0.12,0.12,0.12,0.12,0.12,0.12,0.12,0.12,0.12,0.12,0.12,0.12,0.12,0.12,0.12,0.12,0.12,0.12,0.12,0.12,0.12,0.12,0.12,0.12,0.12,0.12,0.12,0.12,0.12,0.12,0.12,0.12,0.12,0.12,0.12,0.12,0.12,0.12,0.12,0.12,0.12,0.12,0.12,0.12,0.12,0.12,0.12,0.12,0.12,0.12,0.12,0.12,0.12,0.12,0.12,0.12,0.12,0.12,0.12,0.12,0.12,0.12,0.12,0.12,0.12,0.12,0.12,0.12,0.12,0.12,0.12,0.12,0.12,0.12,0.12,0.12,0.12,0.12,0.12,0.12,0.12,0.12,0.12,0.12,0.12,0.12,0.12,0.12,0.12,0.12,0.12,0.12,0.12,0.12,0.12,0.12,0.12,0.12,0.12,0.12,0.12,0.12,0.12,0.12,0.12,0.12,0.12,0.12,0.12,0.12,0.12,0.12,0.12,0.12,0.12,0.12,0.12,0,0,0,0,0,0,0,0,-Inf,-Inf,-Inf,-Inf,-Inf,-Inf,-Inf,-Inf,-Inf,-Inf,-Inf,-Inf,-Inf,-Inf,-Inf,-Inf,-Inf,-Inf,-Inf,-Inf,-Inf,-Inf,-Inf,-Inf,-Inf,-Inf,-Inf,-Inf,-Inf,-Inf,-Inf,-Inf,-Inf,-Inf,-Inf,-Inf,-Inf,-Inf,-Inf,-Inf,-Inf,-Inf,-Inf,-Inf,-Inf,-Inf,-Inf,-Inf,-Inf,-Inf,-Inf,-Inf,-Inf,-Inf,-Inf,-Inf,-Inf,-Inf,-Inf,-Inf,-Inf,-Inf,-Inf,-Inf,-Inf,-Inf,-Inf,-Inf,-Inf,-Inf,-Inf,-Inf,-Inf,-Inf,-Inf,-Inf,-Inf,-Inf,-Inf,-Inf,-Inf,-Inf,-Inf,-Inf,-Inf,-Inf,-Inf,-Inf,-Inf,-Inf,-Inf,-Inf,-Inf,-Inf,-Inf,-Inf,-Inf,-Inf,-Inf,-Inf,-Inf,-Inf,-Inf,-Inf,-Inf,-Inf,-Inf,-Inf,-Inf,-Inf,-Inf,-Inf,-Inf,-Inf,-Inf,-Inf,-Inf,-Inf,-Inf,-Inf,-Inf,-Inf,-Inf,-Inf,-Inf,-Inf,-Inf,-Inf,-Inf,-Inf,-Inf,-Inf,-Inf,-Inf,-Inf,-Inf,-Inf,-Inf,-Inf,-Inf,-Inf,-Inf,-Inf,-Inf,-Inf,-Inf,-Inf,-Inf,-Inf,-Inf,-Inf,-Inf,-Inf,-Inf,-Inf,-Inf,-Inf,-Inf,-Inf,-Inf,-Inf,-Inf,-Inf,-Inf,-Inf,-Inf,-Inf,-Inf,-Inf,-Inf,-Inf,-Inf,-Inf,-Inf,-Inf,-Inf,-Inf,-Inf,-Inf,-Inf,-Inf,-Inf,-Inf,-Inf,-Inf,-Inf,-Inf,-Inf,-Inf,-Inf,-Inf,-Inf,-Inf,-Inf,-Inf,-Inf,-Inf,-Inf,-Inf,-Inf,-Inf,-Inf,-Inf,-Inf,-Inf,-Inf,-Inf,-Inf,-Inf,-Inf,-Inf,-Inf,-Inf,-Inf,-Inf,-Inf,-Inf,-Inf,-Inf,-Inf,-Inf,-Inf,-Inf,-Inf,-Inf,-Inf,-Inf,-Inf,-Inf,-Inf,-Inf,-Inf,-Inf,-Inf,-Inf,-Inf,-Inf,-Inf,-Inf,-Inf,-Inf,-Inf,-Inf,-Inf,-Inf,-Inf,-Inf,-Inf,-Inf,-Inf,-Inf,-Inf,-Inf,-Inf,-Inf,-Inf,-Inf,-Inf,-Inf,-Inf,-Inf,-Inf,-Inf,-Inf,-Inf,-Inf,-Inf,-Inf,-Inf,-Inf,-Inf,-Inf,-Inf,-Inf,-Inf,-Inf,-Inf,-Inf,-Inf,-Inf,-Inf,-Inf,-Inf,-Inf,-Inf,-Inf,-Inf,-Inf,-Inf,-Inf,-Inf,-Inf,-Inf,-Inf,-Inf,-Inf,-Inf,-Inf,-Inf,-Inf,-Inf,-Inf,-Inf,-Inf,-Inf,-Inf,-Inf,-Inf,-Inf,-Inf,-Inf,-Inf,-Inf,-Inf,-Inf,-Inf,-Inf,-Inf,-Inf,-Inf,-Inf,-Inf,-Inf,-Inf,-Inf,-Inf,-Inf,-Inf,-Inf,-Inf,-Inf,-Inf,-Inf,-Inf,-Inf,-Inf,-Inf,-Inf,-Inf,-Inf,-Inf,-Inf,-Inf,-Inf,-Inf,-Inf,-Inf,-Inf,-Inf,-Inf,-Inf,-Inf,-Inf,-Inf,-Inf,-Inf,-Inf,-Inf,-Inf,-Inf,-Inf,-Inf,-Inf,-Inf,-Inf,-Inf,-Inf,-Inf,-Inf,-Inf,-Inf,-Inf,-Inf,-Inf,-Inf,-Inf,-Inf,-Inf,-Inf,-Inf,-Inf,-Inf,-Inf,-Inf,-Inf,-Inf,-Inf,-Inf,-Inf,-Inf,-Inf,-Inf,-Inf,-Inf,-Inf,-Inf,-Inf,-Inf,-Inf,-Inf,-Inf,-Inf,-Inf,-Inf,-Inf,-Inf,-Inf,-Inf,-Inf,-Inf,-Inf,-Inf,-Inf,-Inf,-Inf,-Inf,-Inf,-Inf,-Inf,-Inf,-Inf,-Inf,-Inf,-Inf,-Inf,-Inf,-Inf,-Inf,-Inf,-Inf,-Inf,-Inf,-Inf,-Inf,-Inf,-Inf,-Inf,-Inf,-Inf,-Inf,-Inf,-Inf,-Inf,-Inf,-Inf,-Inf,-Inf,-Inf,-Inf,-Inf,-Inf,-Inf,-Inf,-Inf,-Inf,-Inf,-Inf,-Inf,-Inf,-Inf,-Inf,-Inf,-Inf,-Inf,-Inf,-Inf,-Inf,-Inf,-Inf,-Inf,-Inf,-Inf,-Inf,-Inf,-Inf,-Inf,-Inf,-Inf,-Inf,-Inf,-Inf,-Inf,-Inf,-Inf,-Inf,-Inf,-Inf,-Inf,-Inf,-Inf,-Inf,-Inf,-Inf,-Inf,-Inf,-Inf,-Inf,-Inf,-Inf,-Inf,-Inf,-Inf,-Inf,-Inf,-Inf,-Inf,-Inf,-Inf,-Inf,-Inf,-Inf,-Inf,-Inf,-Inf,-Inf,-Inf,-Inf,-Inf,-Inf,-Inf,-Inf,-Inf,-Inf,-Inf,-Inf,-Inf,-Inf,-Inf,-Inf,-Inf,-Inf,-Inf,-Inf,-Inf,-Inf,-Inf,-Inf,-Inf,-Inf,-Inf,-Inf,-Inf,-Inf,-Inf,-Inf,-Inf,-Inf,-Inf,-Inf,-Inf,-Inf,-Inf,-Inf,-Inf,-Inf,-Inf,-Inf,-Inf,-Inf,