% MATLAB - BARON Interface [J.Currie I2C2]
% Interface Version: v1.39 [22/05/12]
% File Generated: 22-May-2012 14:00:58
% Model: spectra2

% Objective
fun = @(x)x(61);

% Bounds
lb = [-Inf,-Inf,-Inf,-Inf,-Inf,-Inf,-Inf,-Inf,-Inf,-Inf,-Inf,-Inf,-Inf,-Inf,-Inf,-Inf,-Inf,-Inf,-Inf,-Inf,-Inf,-Inf,-Inf,-Inf,-Inf,-Inf,-Inf,-Inf,-Inf,-Inf,0,0,0,0,0,0,0,0,0,0,0,0,0,0,0,0,0,0,0,0,0,0,0,0,0,0,0,0,0,0,-10000000,-Inf,-Inf,-Inf,-Inf,-Inf,-Inf,-Inf,-Inf,-Inf]';
ub = [Inf,Inf,Inf,Inf,Inf,Inf,Inf,Inf,Inf,Inf,Inf,Inf,Inf,Inf,Inf,Inf,Inf,Inf,Inf,Inf,Inf,Inf,Inf,Inf,Inf,Inf,Inf,Inf,Inf,Inf,Inf,Inf,Inf,Inf,Inf,Inf,Inf,Inf,Inf,Inf,Inf,Inf,Inf,Inf,Inf,Inf,Inf,Inf,Inf,Inf,Inf,Inf,Inf,Inf,Inf,Inf,Inf,Inf,Inf,Inf,Inf,Inf,Inf,Inf,Inf,Inf,Inf,Inf,Inf,Inf]';

% Constraints
nlcon = @(x)[-((5.02-0.0003*x(31)-0.0007*x(32)-0.0066*x(33)-0.0044*x(34)-0.0208*x(35)-0.0518*x(36)-0.0036*x(37)-0.0507*x(38)-0.0905*x(39)-0.0016*x(40))*(5.02-0.0003*x(31)-0.0007*x(32)-0.0066*x(33)-0.0044*x(34)-0.0208*x(35)-0.0518*x(36)-0.0036*x(37)-0.0507*x(38)-0.0905*x(39)-0.0016*x(40))+(0.97-0.0003*x(41)-0.0007*x(42)-0.0066*x(43)-0.0044*x(44)-0.0208*x(45)-0.0518*x(46)-0.0036*x(47)-0.0507*x(48)-0.0905*x(49)-0.0016*x(50))*(0.97-0.0003*x(41)-0.0007*x(42)-0.0066*x(43)-0.0044*x(44)-0.0208*x(45)-0.0518*x(46)-0.0036*x(47)-0.0507*x(48)-0.0905*x(49)-0.0016*x(50))+(-0.0003*x(51)-0.0007*x(52)-0.0066*x(53)-0.0044*x(54)-0.0208*x(55)-0.0518*x(56)-0.0036*x(57)-0.0507*x(58)-0.0905*x(59)-0.0016*x(60))*(-0.0003*x(51)-0.0007*x(52)-0.0066*x(53)-0.0044*x(54)-0.0208*x(55)-0.0518*x(56)-0.0036*x(57)-0.0507*x(58)-0.0905*x(59)-0.0016*x(60)))+x(62);
             -((2.04-0.0764*x(31)-0.0003*x(32)-0.0789*x(33)-0.0186*x(34)-0.0605*x(35)-0.1656*x(36)-0.0035*x(37)-0.0361*x(38)-0.06*x(39)-0.0209*x(40))*(2.04-0.0764*x(31)-0.0003*x(32)-0.0789*x(33)-0.0186*x(34)-0.0605*x(35)-0.1656*x(36)-0.0035*x(37)-0.0361*x(38)-0.06*x(39)-0.0209*x(40))+(3.51-0.0764*x(41)-0.0003*x(42)-0.0789*x(43)-0.0186*x(44)-0.0605*x(45)-0.1656*x(46)-0.0035*x(47)-0.0361*x(48)-0.06*x(49)-0.0209*x(50))*(3.51-0.0764*x(41)-0.0003*x(42)-0.0789*x(43)-0.0186*x(44)-0.0605*x(45)-0.1656*x(46)-0.0035*x(47)-0.0361*x(48)-0.06*x(49)-0.0209*x(50))+(2.2-0.0764*x(51)-0.0003*x(52)-0.0789*x(53)-0.0186*x(54)-0.0605*x(55)-0.1656*x(56)-0.0035*x(57)-0.0361*x(58)-0.06*x(59)-0.0209*x(60))*(2.2-0.0764*x(51)-0.0003*x(52)-0.0789*x(53)-0.0186*x(54)-0.0605*x(55)-0.1656*x(56)-0.0035*x(57)-0.0361*x(58)-0.06*x(59)-0.0209*x(60)))+x(63);
             -((3.53-0.0318*x(31)-0.0004*x(32)-0.0275*x(33)-0.018*x(34)-0.0601*x(35)-0.1491*x(36)-0.0032*x(37)-0.0433*x(38)-0.0754*x(39)-0.0063*x(40))*(3.53-0.0318*x(31)-0.0004*x(32)-0.0275*x(33)-0.018*x(34)-0.0601*x(35)-0.1491*x(36)-0.0032*x(37)-0.0433*x(38)-0.0754*x(39)-0.0063*x(40))+(3.51-0.0318*x(41)-0.0004*x(42)-0.0275*x(43)-0.018*x(44)-0.0601*x(45)-0.1491*x(46)-0.0032*x(47)-0.0433*x(48)-0.0754*x(49)-0.0063*x(50))*(3.51-0.0318*x(41)-0.0004*x(42)-0.0275*x(43)-0.018*x(44)-0.0601*x(45)-0.1491*x(46)-0.0032*x(47)-0.0433*x(48)-0.0754*x(49)-0.0063*x(50))+(0.8-0.0318*x(51)-0.0004*x(52)-0.0275*x(53)-0.018*x(54)-0.0601*x(55)-0.1491*x(56)-0.0032*x(57)-0.0433*x(58)-0.0754*x(59)-0.0063*x(60))*(0.8-0.0318*x(51)-0.0004*x(52)-0.0275*x(53)-0.018*x(54)-0.0601*x(55)-0.1491*x(56)-0.0032*x(57)-0.0433*x(58)-0.0754*x(59)-0.0063*x(60)))+x(64);
             -((7.02-0.0007*x(31)-0.0009*x(32)-0.0043*x(33)-0.0179*x(34)-0.0604*x(35)-0.1385*x(36)-0.0051*x(37)-0.0635*x(38)-0.1098*x(39)-0.001*x(40))*(7.02-0.0007*x(31)-0.0009*x(32)-0.0043*x(33)-0.0179*x(34)-0.0604*x(35)-0.1385*x(36)-0.0051*x(37)-0.0635*x(38)-0.1098*x(39)-0.001*x(40))+(3.51-0.0007*x(41)-0.0009*x(42)-0.0043*x(43)-0.0179*x(44)-0.0604*x(45)-0.1385*x(46)-0.0051*x(47)-0.0635*x(48)-0.1098*x(49)-0.001*x(50))*(3.51-0.0007*x(41)-0.0009*x(42)-0.0043*x(43)-0.0179*x(44)-0.0604*x(45)-0.1385*x(46)-0.0051*x(47)-0.0635*x(48)-0.1098*x(49)-0.001*x(50))+(-0.0007*x(51)-0.0009*x(52)-0.0043*x(53)-0.0179*x(54)-0.0604*x(55)-0.1385*x(56)-0.0051*x(57)-0.0635*x(58)-0.1098*x(59)-0.001*x(60))*(-0.0007*x(51)-0.0009*x(52)-0.0043*x(53)-0.0179*x(54)-0.0604*x(55)-0.1385*x(56)-0.0051*x(57)-0.0635*x(58)-0.1098*x(59)-0.001*x(60)))+x(65);
             -((-0.0534*x(31)-0.0005*x(32)-0.0704*x(33)-0.0351*x(34)-0.0981*x(35)-0.2389*x(36)-0.0015*x(37)-0.0048*x(38)-0.0038*x(39)-0.0132*x(40))*(-0.0534*x(31)-0.0005*x(32)-0.0704*x(33)-0.0351*x(34)-0.0981*x(35)-0.2389*x(36)-0.0015*x(37)-0.0048*x(38)-0.0038*x(39)-0.0132*x(40))+(7-0.0534*x(41)-0.0005*x(42)-0.0704*x(43)-0.0351*x(44)-0.0981*x(45)-0.2389*x(46)-0.0015*x(47)-0.0048*x(48)-0.0038*x(49)-0.0132*x(50))*(7-0.0534*x(41)-0.0005*x(42)-0.0704*x(43)-0.0351*x(44)-0.0981*x(45)-0.2389*x(46)-0.0015*x(47)-0.0048*x(48)-0.0038*x(49)-0.0132*x(50))+(1.4-0.0534*x(51)-0.0005*x(52)-0.0704*x(53)-0.0351*x(54)-0.0981*x(55)-0.2389*x(56)-0.0015*x(57)-0.0048*x(58)-0.0038*x(59)-0.0132*x(60))*(1.4-0.0534*x(51)-0.0005*x(52)-0.0704*x(53)-0.0351*x(54)-0.0981*x(55)-0.2389*x(56)-0.0015*x(57)-0.0048*x(58)-0.0038*x(59)-0.0132*x(60)))+x(66);
             -((10.16-0.0773*x(31)-0.0009*x(32)-0.0683*x(33)-0.0024*x(34)-0.0025*x(35)-0.0248*x(36)-0.0094*x(37)-0.0891*x(38)-0.1443*x(39)-0.0203*x(40))*(10.16-0.0773*x(31)-0.0009*x(32)-0.0683*x(33)-0.0024*x(34)-0.0025*x(35)-0.0248*x(36)-0.0094*x(37)-0.0891*x(38)-0.1443*x(39)-0.0203*x(40))+(-0.0773*x(41)-0.0009*x(42)-0.0683*x(43)-0.0024*x(44)-0.0025*x(45)-0.0248*x(46)-0.0094*x(47)-0.0891*x(48)-0.1443*x(49)-0.0203*x(50))*(-0.0773*x(41)-0.0009*x(42)-0.0683*x(43)-0.0024*x(44)-0.0025*x(45)-0.0248*x(46)-0.0094*x(47)-0.0891*x(48)-0.1443*x(49)-0.0203*x(50))+(2.2-0.0773*x(51)-0.0009*x(52)-0.0683*x(53)-0.0024*x(54)-0.0025*x(55)-0.0248*x(56)-0.0094*x(57)-0.0891*x(58)-0.1443*x(59)-0.0203*x(60))*(2.2-0.0773*x(51)-0.0009*x(52)-0.0683*x(53)-0.0024*x(54)-0.0025*x(55)-0.0248*x(56)-0.0094*x(57)-0.0891*x(58)-0.1443*x(59)-0.0203*x(60)))+x(67);
             -((1.04-0.0536*x(31)-0.0005*x(32)-0.0842*x(33)-0.0108*x(34)-0.0394*x(35)-0.1122*x(36)-0.0015*x(37)-0.0213*x(38)-0.042*x(39)-0.0139*x(40))*(1.04-0.0536*x(31)-0.0005*x(32)-0.0842*x(33)-0.0108*x(34)-0.0394*x(35)-0.1122*x(36)-0.0015*x(37)-0.0213*x(38)-0.042*x(39)-0.0139*x(40))+(2.01-0.0536*x(41)-0.0005*x(42)-0.0842*x(43)-0.0108*x(44)-0.0394*x(45)-0.1122*x(46)-0.0015*x(47)-0.0213*x(48)-0.042*x(49)-0.0139*x(50))*(2.01-0.0536*x(41)-0.0005*x(42)-0.0842*x(43)-0.0108*x(44)-0.0394*x(45)-0.1122*x(46)-0.0015*x(47)-0.0213*x(48)-0.042*x(49)-0.0139*x(50))+(1.4-0.0536*x(51)-0.0005*x(52)-0.0842*x(53)-0.0108*x(54)-0.0394*x(55)-0.1122*x(56)-0.0015*x(57)-0.0213*x(58)-0.042*x(59)-0.0139*x(60))*(1.4-0.0536*x(51)-0.0005*x(52)-0.0842*x(53)-0.0108*x(54)-0.0394*x(55)-0.1122*x(56)-0.0015*x(57)-0.0213*x(58)-0.042*x(59)-0.0139*x(60)))+x(68);
             -((2.04-0.032*x(31)-0.0003*x(32)-0.0309*x(33)-0.0052*x(34)-0.0221*x(35)-0.0633*x(36)-0.0024*x(37)-0.031*x(38)-0.0574*x(39)-0.0057*x(40))*(2.04-0.032*x(31)-0.0003*x(32)-0.0309*x(33)-0.0052*x(34)-0.0221*x(35)-0.0633*x(36)-0.0024*x(37)-0.031*x(38)-0.0574*x(39)-0.0057*x(40))+(0.97-0.032*x(41)-0.0003*x(42)-0.0309*x(43)-0.0052*x(44)-0.0221*x(45)-0.0633*x(46)-0.0024*x(47)-0.031*x(48)-0.0574*x(49)-0.0057*x(50))*(0.97-0.032*x(41)-0.0003*x(42)-0.0309*x(43)-0.0052*x(44)-0.0221*x(45)-0.0633*x(46)-0.0024*x(47)-0.031*x(48)-0.0574*x(49)-0.0057*x(50))+(0.8-0.032*x(51)-0.0003*x(52)-0.0309*x(53)-0.0052*x(54)-0.0221*x(55)-0.0633*x(56)-0.0024*x(57)-0.031*x(58)-0.0574*x(59)-0.0057*x(60))*(0.8-0.032*x(51)-0.0003*x(52)-0.0309*x(53)-0.0052*x(54)-0.0221*x(55)-0.0633*x(56)-0.0024*x(57)-0.031*x(58)-0.0574*x(59)-0.0057*x(60)))+x(69);
             x(31);
             x(32);
             x(33);
             x(34);
             x(35);
             x(36);
             x(37);
             x(38);
             x(39);
             x(40);
             x(41);
             x(42);
             x(43);
             x(44);
             x(45);
             x(46);
             x(47);
             x(48);
             x(49);
             x(50);
             x(51);
             x(52);
             x(53);
             x(54);
             x(55);
             x(56);
             x(57);
             x(58);
