% MATLAB - BARON Interface [J.Currie I2C2]
% Interface Version: v1.39 [22/05/12]
% File Generated: 22-May-2012 14:11:06
% Model: util

% Objective
fun = @(x)x(146);

% Bounds
lb = [-Inf,-Inf,-Inf,-Inf,-Inf,-Inf,-Inf,-Inf,-Inf,-Inf,-Inf,-Inf,-Inf,-Inf,-Inf,-Inf,-Inf,-Inf,-Inf,-Inf,-Inf,-Inf,-Inf,-Inf,-Inf,-Inf,-Inf,-Inf,0,0,0,0,0,0,0,0,0,0,0,0,0,0,0,0,0,0,0,0,0,0,0,0,0,0,0,0,0,353.66,0,0,0,0,0,0,0,0,0,0,0,0,0,0,0,0,0,32.8,0,0,0,0,0,0,0,0,0,0,0,0,0,0,0,0,24.1,0,0,0,1.2,0,0,0,0,0,0,0,0,0,0,0,0,8.7,0,0,0,0,0,0,0,0,0,0,0,0,0,0,0,0,0,0,0,0,0,0,0,0,0,0,0,0,0,0,0,0,0,0,0,0]';
ub = [Inf,Inf,Inf,Inf,Inf,Inf,Inf,Inf,Inf,Inf,Inf,Inf,Inf,Inf,Inf,Inf,Inf,Inf,Inf,Inf,Inf,Inf,Inf,Inf,Inf,Inf,Inf,Inf,Inf,Inf,Inf,Inf,Inf,Inf,Inf,Inf,Inf,Inf,Inf,Inf,Inf,Inf,Inf,Inf,Inf,Inf,29.2,1.2,Inf,Inf,Inf,Inf,Inf,Inf,Inf,Inf,Inf,Inf,Inf,Inf,Inf,Inf,Inf,Inf,Inf,Inf,Inf,Inf,Inf,Inf,Inf,Inf,Inf,Inf,Inf,Inf,Inf,Inf,Inf,Inf,Inf,Inf,Inf,Inf,Inf,Inf,Inf,Inf,Inf,Inf,Inf,Inf,Inf,Inf,21,Inf,2.2,Inf,Inf,Inf,Inf,Inf,Inf,Inf,98.72,Inf,Inf,Inf,Inf,Inf,Inf,Inf,Inf,Inf,Inf,Inf,Inf,Inf,Inf,Inf,Inf,Inf,Inf,Inf,Inf,Inf,Inf,Inf,Inf,Inf,Inf,Inf,Inf,Inf,Inf,Inf,Inf,Inf,Inf,Inf,Inf,Inf,Inf,Inf,Inf,Inf]';

% Constraints
nlcon = @(x)[x(53)*x(49)+x(52)*x(51)-0.5439*x(44)-0.5439*x(46)-1.22963*x(47)-2.74289*x(48)-6.94492*x(50);
             x(53)*x(54)-3.22692*x(55)-9.05971*x(56)+x(57)-x(58);
             x(53)*x(59)+7.32917*x(60)+7.70075*x(61)-7.31039*x(62)-7.31039*x(63)-7.31039*x(64)-7.31039*x(65)-7.31039*x(66)-7.31039*x(67)-7.31039*x(68)-7.31039*x(69)-7.31039*x(70)-7.31039*x(71)-7.31039*x(72)-7.31039*x(73)-7.31039*x(74)-7.31039*x(75)-7.31039*x(76);
             x(53)*x(77)-6.94492*x(50)+7.31039*x(62)+7.03739*x(78)+7.03739*x(79)+6.91604*x(80)+6.91604*x(81)+6.91604*x(82)+6.91604*x(83)+6.91604*x(84)+6.91604*x(85)+6.91604*x(86)+6.91604*x(87)+6.91604*x(88)+6.91604*x(89)+6.91604*x(90)+6.91604*x(91)-6.94492*x(92)-6.94492*x(93);
             -x(44)-x(46)-x(47)-x(48)+x(49)-x(50)+x(51);
             x(44)-x(94)-x(95);
             -0.08*x(50)+x(51);
             0.05391*x(96)-x(97);
             x(52)-0.34851*x(53);
             x(53)-0.18673*x(97);
             x(49)-x(54)-x(59)-x(77)-x(98);
             x(98);
             -0.5*x(49)+x(99);
             -1.89474*x(99)+x(100);
             x(100)-x(101);
             x(54)-x(55)-x(56);
             -0.05*x(54)+x(55);
             -116.41403*x(29)+x(57);
             x(29)-x(102);
             -23.39292*x(102)+x(103);
             -3.61341*x(103)+x(104);
             x(56)-x(61)+x(105)-x(106)-x(107)-x(108)-x(109)-x(110);
             x(59)+x(60)+x(61)-x(62)-x(63)-x(64)-x(65)-x(66)-x(67)-x(68)-x(69)-x(70)-x(71)-x(72)-x(73)-x(74)-x(75)-x(76);
             -x(50)+x(62)+x(77)+x(78)+x(79)+x(80)+x(81)+x(82)+x(83)+x(84)+x(85)+x(86)+x(87)+x(88)+x(89)+x(90)+x(91)-x(92)-x(93);
             -x(46)+x(111)+x(112);
             x(106)-x(113);
             -x(60)+x(107);
             -x(78)+x(108);
             -x(79)+x(109);
             7.70075*x(106)-6.08959*x(113)-0.00641*x(114);
             -7.32917*x(60)+7.70075*x(107)-0.00641*x(115);
             -7.03739*x(78)+7.70075*x(108)-0.00641*x(116);
             -7.03739*x(79)+7.70075*x(109)-0.00641*x(117);
             x(63)-x(80);
             x(64)-x(81);
             x(65)-x(82);
             x(66)-x(118);
             x(67)-x(83);
             x(68)-x(84);
             x(69)-x(85);
             x(70)-x(86);
             x(71)-x(87);
             x(72)-x(88);
             x(73)-x(89);
             x(74)-x(90);
             x(75)-x(91);
             7.31039*x(63)-6.91604*x(80)-0.00641*x(119);
             7.31039*x(64)-6.91604*x(81)-0.00641*x(120);
             7.31039*x(65)-6.91604*x(82)-0.00641*x(121);
             7.31039*x(66)-5.77083*x(118)-0.00641*x(122);
             7.31039*x(67)-6.91604*x(83)-0.00641*x(123);
             7.31039*x(68)-6.91604*x(84)-0.00641*x(124);
             7.31039*x(69)-6.91604*x(85)-0.00641*x(125);
             7.31039*x(70)-6.91604*x(86)-0.00641*x(126);
             7.31039*x(71)-6.91604*x(87)-0.00641*x(127);
             7.31039*x(72)-6.91604*x(88)-0.00641*x(128);
             7.31039*x(73)-6.91604*x(89)-0.00641*x(129);
             7.31039*x(74)-6.91604*x(90)-0.00641*x(130);
             7.31039*x(75)-6.91604*x(91)-0.00641*x(131);
             x(111)-x(113);
             x(112)-x(118);
             5.6972*x(111)-0.12983*x(132);
             5.6972*x(112)-0.12983*x(133);
             x(45)-x(132)-x(133);
             -0.33333*x(45)+x(134);
             -0.20286*x(134)+x(135);
             x(135)-x(136);
             x(135)-x(137);
             x(138);
             x(139);
             x(140);
             x(141);
             x(138)-x(142);
             x(138)-x(143);
             x(139)-x(144);
             0.01*x(111)-100*x(144);
             x(141)-x(145);
             0.01*x(112)-100*x(145);
             0.1*x(49)-100*x(142);
             0.1*x(103)-100*x(143);
             0.1*x(56)-100*x(138);
             0.1*x(106)-100*x(139);
             0.1*x(107)-100*x(140);
             -100*x(1)+0.1*x(108);
             -100*x(2)+0.1*x(109);
             0.1*x(60)-100*x(140);
             -100*x(1)+0.1*x(78);
             -100*x(2)+0.1*x(79);
             0.1*x(113)-100*x(139);
             -100*x(3)+0.1*x(63);
             -100*x(4)+0.1*x(64);
             -x(5)+0.1*x(65);
             0.1*x(66)-100*x(141);
             -100*x(6)+0.1*x(67);
             -100*x(7)+0.1*x(68);
             -100*x(8)+0.1*x(69);
             -100*x(9)+0.1*x(70);
             -100*x(10)+0.1*x(71);
             -100*x(11)+0.1*x(72);
             -100*x(12)+0.1*x(73);
             -100*x(13)+0.1*x(74);
             -100*x(14)+0.1*x(75);
             -100*x(3)+0.1*x(80);
             -100*x(4)+0.1*x(81);
             -100*x(5)+0.1*x(82);
             -100*x(6)+0.1*x(83);
             -100*x(7)+0.1*x(84);
             -100*x(8)+0.1*x(85);
             -100*x(9)+0.1*x(86);
             -100*x(10)+0.1*x(87);
             -100*x(11)+0.1*x(88);
             -100*x(12)+0.1*x(89);
             -100*x(13)+0.1*x(90);
             -100*x(14)+0.1*x(91);
             0.1*x(118)-100*x(141);
             0.01*x(114)-163.03*x(139);
             0.01*x(115)-56*x(140);
             -444*x(3)+x(119);
             -100*x(4)+x(120);
             -125*x(5)+x(121);
             0.01*x(122)-94.5*x(141);
             -75*x(6)+x(123);
             -60*x(7)+x(124);
             -36*x(8)+x(125);
             -26*x(9)+x(126);
             -445*x(10)+x(127);
             -444*x(15)+x(30);
             -100*x(16)+x(31);
             -125*x(17)+x(32);
             -75*x(18)+x(33);
             -60*x(19)+x(34);
             -36*x(20)+x(35);
             -26*x(21)+x(36);
             -445*x(22)+x(37);
             -300*x(1)+0.01*x(116);
             -300*x(2)+0.01*x(117);
             -300*x(11)+0.01*x(128);
             -300*x(12)+0.01*x(129);
             -300*x(13)+0.01*x(130);
             -300*x(14)+0.01*x(131);
             -300*x(23)+0.01*x(38);
             -300*x(24)+0.01*x(39);
             -300*x(25)+0.01*x(40);
             -300*x(26)+0.01*x(41);
             -300*x(27)+0.01*x(42);
             -300*x(28)+0.01*x(43);
             x(38)-x(100)+x(116);
             x(39)-x(101)+x(117);
             x(40)-x(104)+x(128);
             x(41)+x(129)-x(135);
             x(42)+x(130)-x(136);
             x(43)+x(131)-x(137);
             x(1)+x(23);
             x(2)+x(24);
             x(3)+x(15);
             x(4)+x(16);
             x(5)+x(17);
             x(6)+x(18);
             x(7)+x(19);
             x(8)+x(20);
             x(9)+x(21);
             x(10)+x(22);
             x(11)+x(25);
             x(12)+x(26);
             x(13)+x(27);
             x(14)+x(28);
             x(14)+x(24);
