% This BARON input file was generated by the MATLAB/BARON interface.
% The BARON/MATLAB interface was developed by J. Currie.  The interface
% is provided free of charge and with no warranties from The Optimization
% Firm, http://www.minlp.com.
% Interface version: v1.51 [17-Dec-2013]
% File generated: 30-May-2015 16:38:23
% Model: inf_mip_47

% Objective
fun = @(x)x(1)+x(2)+x(3)-15*x(7)+x(12)+x(13)+x(15)+x(16)+15;

% Bounds
lb = [0,0,0,-0.5,0,0,1,0.9,0.9,0.9,0,0,0,0,0,0,-0.523598776,-0.523598776,-0.523598776,0,0,0,0,0,0,0,0,0,0,0,0,0,0,0,0,0,0,0,0,0,0,0,0,0.78239991906,0.78239991906,0.78239991906,-0.209643426690187,-0.209643426690187,-0.209643426690187,0.81,0.81,0.81,0.965925826,0.965925826,0.965925826,-0.261799388,-0.261799388,-0.261799388,-Inf,-Inf,-Inf,-Inf,-Inf,-Inf,-Inf,-Inf,-Inf,-Inf,-Inf,-Inf,-Inf,-Inf,-Inf,-Inf,-Inf,-Inf,-Inf,-Inf,-Inf,-Inf,-Inf,-Inf,-Inf,-Inf,-Inf,-Inf,-Inf,-Inf,0,0,0,0,0,0,0,0,0,0,0,0,0,0,0,0,0,0,0,0,0,0,0,0,0,0,0,0,0,0,0,0,0,0,0,0,0,0,0,0,0,0,0,0,0,0,0,0,0,0,0,0,0,0,0,0,0,0,0,0,0,0,0,0,0,0,0,0,0,0,0,0,0,0,0,0,0,0,0,0,0,0,0,0,0,0,0,0,0,0,0,0,0,0,0,0,0,0,0,0,0,0,0,0,0,0,0,0,0,0,0,0,0,0,0,0,0,0,0,0,0,0,0,0,0,0,0,0,0,0,0,0,0,0,0,0,0,0,0,0,0,0,0,0,0,0,0,0,0,0,0,0,0,0,0,0,0,0,0,0,0,0,0,0,0,0,0,0,0,0,0,0,0,0,0,0,0,0,0,0,0,0,0,0,0,0,0,0,0,0,0,0,0,0,0,0,0,0,0,0,0,0,0,0,0,0,0,0,0,0,0,0,0,0,0,0,0,0,0,0,0,0,0,0,0,0,0,0,0,0,0,0,0,0,0,0,0,0,0,0,0,0,0,0,0,0,0,0,0,0,0,0,0,0,0,0,0,0,0,0,0,0,0,0,0,0,0,0,0,0]';
ub = [10,0,0,2,0.5,0,1,1.1,1.1,1.1,0,0,0,0,0,0,0.523598776,0.523598776,0.523598776,5,5,5,5,5,5,5,5,5,5,5,5,5,5,5,5,5,5,5,5,5,5,5,5,1.21,1.21,1.21,0.313171044808798,0.313171044808798,0.313171044808798,1.21,1.21,1.21,1,1,1,0.261799388,0.261799388,0.261799388,Inf,Inf,Inf,Inf,Inf,Inf,Inf,Inf,Inf,Inf,Inf,Inf,Inf,Inf,Inf,Inf,Inf,Inf,Inf,Inf,Inf,Inf,Inf,Inf,Inf,Inf,Inf,Inf,Inf,Inf,2.86,2.9,2.9,2.98,2.86,2.9,2.9,2.98,2.86,2.9,2.9,2.98,2.82,2.82,2.82,2.86,2.82,2.82,2.82,2.86,2.82,2.82,2.82,2.86,2.82,2.86,2.82,2.82,2.82,2.86,2.82,2.82,2.82,2.86,2.82,2.82,2.82,2.82,2.86,2.82,2.82,2.82,2.86,2.82,2.82,2.82,2.86,2.82,2.86122975025313,2.86122975025313,2.47485941975829,2.47485941975829,2.86122975025313,2.86122975025313,2.47485941975829,2.47485941975829,2.86122975025313,2.86122975025313,2.47485941975829,2.47485941975829,2.84760008074796,2.84760008074796,2.46122975025313,2.46122975025313,2.84760008074796,2.84760008074796,2.46122975025313,2.46122975025313,2.84760008074796,2.84760008074796,2.46122975025313,2.46122975025313,2.84760008094,2.84760008094,3.24760008094,3.24760008094,2.84760008094,2.84760008094,3.24760008094,3.24760008094,2.84760008094,2.84760008094,3.24760008094,3.24760008094,2.84760008094,2.84760008094,3.24760008094,3.24760008094,2.84760008094,2.84760008094,3.24760008094,3.24760008094,2.84760008094,2.84760008094,3.24760008094,3.24760008094,1.3682225784488,1.3682225784488,1.3682225784488,1.3682225784488,1.3682225784488,1.3682225784488,1.3682225784488,1.3682225784488,1.3682225784488,1.3682225784488,1.3682225784488,1.3682225784488,1.2635028232488,1.2635028232488,1.2635028232488,1.2635028232488,1.2635028232488,1.2635028232488,1.2635028232488,1.2635028232488,1.2635028232488,1.2635028232488,1.2635028232488,1.2635028232488,1.15997520513019,1.15997520513019,1.15997520513019,1.15997520513019,1.15997520513019,1.15997520513019,1.15997520513019,1.15997520513019,1.15997520513019,1.15997520513019,1.15997520513019,1.15997520513019,1.26469496033019,1.26469496033019,1.26469496033019,1.26469496033019,1.26469496033019,1.26469496033019,1.26469496033019,1.26469496033019,1.26469496033019,1.26469496033019,1.26469496033019,1.26469496033019,25,25,25,25,25,25,25,25,25,25,25,25,25,25,25,25,25,25,25,25,25,25,25,25,25,25,25,25,25,25,1,1,1,1,1,1,1,1,1,1,1,1,1,1,1,1,1,1,1,1,1,1,1,1,1,1,1,1,1,1,1,1,1,1,1,1,1,1,1,1,1,1,1,1,1,1,1,1,1,1,1,1,1,1,1,1,1,1,1,1,1,1,1,1,1,1,1,1,1,1,1,1,1,1,1,1,1,1,1,1,1,1,1,1,1,1,1,1,1,1,1,1,1,1,1,1]';

% Constraints
nlcon = @(x)[x(1)-x(20)-x(21)+x(26)+x(27);
             x(2)-x(22)-x(23)+x(28)+x(29);
             x(3)-3*x(7)-x(24)-x(25)+x(30)+x(31);
             x(4)+x(11)-x(14)-x(32)-x(33)+x(38)+x(39);
             x(5)+x(12)-x(15)-x(34)-x(35)+x(40)+x(41);
             x(6)+x(13)-x(16)-x(36)-x(37)+x(42)+x(43);
             -1.98019801980198*x(8)+x(20)-x(26)+0.99009900990099*x(44)-9.9009900990099*x(47);
             -1.98019801980198*x(8)+x(21)-x(27)+0.99009900990099*x(45)-9.9009900990099*x(48);
             -1.98019801980198*x(9)+x(22)-x(28)+0.99009900990099*x(46)-9.9009900990099*x(49);
             -1.98019801980198*x(9)+x(23)-x(29)+0.99009900990099*x(44)+9.9009900990099*x(47);
             -1.98019801980198*x(10)+x(24)-x(30)+0.99009900990099*x(45)+9.9009900990099*x(48);
             -1.98019801980198*x(10)+x(25)-x(31)+0.99009900990099*x(46)+9.9009900990099*x(49);
             -1.1*x(8)-1.1*x(9)+x(50)-2.42*x(71)-x(89);
             -1.3*x(8)-1.1*x(9)+x(50)-2.42*x(72)-x(90);
             -1.1*x(8)-1.3*x(9)+x(50)-2.42*x(73)-x(91);
             -1.3*x(8)-1.3*x(9)+x(50)-2.42*x(74)-x(92);
             -1.1*x(8)-1.1*x(10)+x(51)-2.42*x(75)-x(93);
             -1.3*x(8)-1.1*x(10)+x(51)-2.42*x(76)-x(94);
             -1.1*x(8)-1.3*x(10)+x(51)-2.42*x(77)-x(95);
             -1.3*x(8)-1.3*x(10)+x(51)-2.42*x(78)-x(96);
             -1.1*x(9)-1.1*x(10)+x(52)-2.42*x(79)-x(97);
             -1.3*x(9)-1.1*x(10)+x(52)-2.42*x(80)-x(98);
             -1.1*x(9)-1.3*x(10)+x(52)-2.42*x(81)-x(99);
             -1.3*x(9)-1.3*x(10)+x(52)-2.42*x(82)-x(100);
             -0.9*x(8)-0.9*x(9)+x(50)-2.42*x(71)-x(101);
             -1.1*x(8)-0.9*x(9)+x(50)-2.42*x(72)-x(102);
             -0.9*x(8)-1.1*x(9)+x(50)-2.42*x(73)-x(103);
             -1.1*x(8)-1.1*x(9)+x(50)-2.42*x(74)-x(104);
             -0.9*x(8)-0.9*x(10)+x(51)-2.42*x(75)-x(105);
             -1.1*x(8)-0.9*x(10)+x(51)-2.42*x(76)-x(106);
             -0.9*x(8)-1.1*x(10)+x(51)-2.42*x(77)-x(107);
             -1.1*x(8)-1.1*x(10)+x(51)-2.42*x(78)-x(108);
             -0.9*x(9)-0.9*x(10)+x(52)-2.42*x(79)-x(109);
             -1.1*x(9)-0.9*x(10)+x(52)-2.42*x(80)-x(110);
             -0.9*x(9)-1.1*x(10)+x(52)-2.42*x(81)-x(111);
             -1.1*x(9)-1.1*x(10)+x(52)-2.42*x(82)-x(112);
             -1.1*x(8)-0.9*x(9)+x(50)-2.42*x(71)+x(113);
             -1.3*x(8)-0.9*x(9)+x(50)-2.42*x(72)+x(114);
             -1.1*x(8)-1.1*x(9)+x(50)-2.42*x(73)+x(115);
             -1.3*x(8)-1.1*x(9)+x(50)-2.42*x(74)+x(116);
             -1.1*x(8)-0.9*x(10)+x(51)-2.42*x(75)+x(117);
             -1.3*x(8)-0.9*x(10)+x(51)-2.42*x(76)+x(118);
             -1.1*x(8)-1.1*x(10)+x(51)-2.42*x(77)+x(119);
             -1.3*x(8)-1.1*x(10)+x(51)-2.42*x(78)+x(120);
             -1.1*x(9)-0.9*x(10)+x(52)-2.42*x(79)+x(121);
             -1.3*x(9)-0.9*x(10)+x(52)-2.42*x(80)+x(122);
             -1.1*x(9)-1.1*x(10)+x(52)-2.42*x(81)+x(123);
             -1.3*x(9)-1.1*x(10)+x(52)-2.42*x(82)+x(124);
             -0.9*x(8)-1.1*x(9)+x(50)-2.42*x(71)+x(125);
             -1.1*x(8)-1.1*x(9)+x(50)-2.42*x(72)+x(126);
             -0.9*x(8)-1.3*x(9)+x(50)-2.42*x(73)+x(127);
             -1.1*x(8)-1.3*x(9)+x(50)-2.42*x(74)+x(128);
             -0.9*x(8)-1.1*x(10)+x(51)-2.42*x(75)+x(129);
             -1.1*x(8)-1.1*x(10)+x(51)-2.42*x(76)+x(130);
             -0.9*x(8)-1.3*x(10)+x(51)-2.42*x(77)+x(131);
             -1.1*x(8)-1.3*x(10)+x(51)-2.42*x(78)+x(132);
             -0.9*x(9)-1.1*x(10)+x(52)-2.42*x(79)+x(133);
             -1.1*x(9)-1.1*x(10)+x(52)-2.42*x(80)+x(134);
             -0.9*x(9)-1.3*x(10)+x(52)-2.42*x(81)+x(135);
             -1.1*x(9)-1.3*x(10)+x(52)-2.42*x(82)+x(136);
             x(44)-x(50)-1.21*x(53)-2.42*x(59)-x(137);
             x(44)-x(50)-1.21*x(53)-2.42*x(60)-x(138);
             x(44)-x(50)-1.61*x(53)-2.42*x(61)-x(139);
             x(44)-x(50)-1.61*x(53)-2.42*x(62)-x(140);
             x(45)-x(51)-1.21*x(54)-2.42*x(63)-x(141);
             x(45)-x(51)-1.21*x(54)-2.42*x(64)-x(142);
             x(45)-x(51)-1.61*x(54)-2.42*x(65)-x(143);
             x(45)-x(51)-1.61*x(54)-2.42*x(66)-x(144);
