% This BARON input file was generated by the MATLAB/BARON interface.
% The BARON/MATLAB interface was developed by J. Currie.  The interface
% is provided free of charge and with no warranties from The Optimization
% Firm, http://www.minlp.com.
% Interface version: v1.51 [17-Dec-2013]
% File generated: 07-Jan-2016 11:44:20
% Model: inf_minlp_39

% Objective
fun = @(x)4*x(1)*x(2)-712*x(1)-9*x(2)-6*x(1)*x(3)-11*x(1)*x(4)+437*x(4)-162*x(2)*x(3)+171*x(2)*x(4)-3*x(3)*x(4)+24*x(1)^2+4*x(2)^2+140*x(3)^2-187*x(4)^2+5197;

% Bounds
lb = [0,0,0,0]';
ub = [100,100,100,100]';

% Constraints
nlcon = @(x)[(-3*x(1)*x(2))-23*x(1)+118*x(2)+12*x(1)*x(3)+11*x(1)*x(4)-474*x(4)+196*x(2)*x(3)-180*x(2)*x(4)-8*x(3)*x(4)-19*x(2)^2-173*x(3)^2+207*x(4)^2;
             (-3*x(1)*x(2))-23*x(1)+118*x(2)+12*x(1)*x(3)+11*x(1)*x(4)-474*x(4)+196*x(2)*x(3)-180*x(2)*x(4)-8*x(3)*x(4)-19*x(2)^2-173*x(3)^2+207*x(4)^2;
             (-3*x(1)*x(2))-23*x(1)+118*x(2)+12*x(1)*x(3)+11*x(1)*x(4)-474*x(4)+196*x(2)*x(3)-180*x(2)*x(4)-8*x(3)*x(4)-19*x(2)^2-173*x(3)^2+207*x(4)^2;
             (-3*x(1)*x(2))-23*x(1)+118*x(2)+12*x(1)*x(3)+11*x(1)*x(4)-474*x(4)+196*x(2)*x(3)-180*x(2)*x(4)-8*x(3)*x(4)-19*x(2)^2-173*x(3)^2+207*x(4)^2;
             (-3*x(1)*x(2))-23*x(1)+118*x(2)+12*x(1)*x(3)+11*x(1)*x(4)-474*x(4)+196*x(2)*x(3)-180*x(2)*x(4)-8*x(3)*x(4)-19*x(2)^2-173*x(3)^2+207*x(4)^2;
             (-3*x(1)*x(2))-23*x(1)+118*x(2)+12*x(1)*x(3)+11*x(1)*x(4)-474*x(4)+196*x(2)*x(3)-180*x(2)*x(4)-8*x(3)*x(4)-19*x(2)^2-173*x(3)^2+207*x(4)^2;
             (-3*x(1)*x(2))-23*x(1)+118*x(2)+12*x(1)*x(3)+11*x(1)*x(4)-474*x(4)+196*x(2)*x(3)-180*x(2)*x(4)-8*x(3)*x(4)-19*x(2)^2-173*x(3)^2+207*x(4)^2;
             (-3*x(1)*x(2))-23*x(1)+118*x(2)+12*x(1)*x(3)+11*x(1)*x(4)-474*x(4)+196*x(2)*x(3)-180*x(2)*x(4)-8*x(3)*x(4)-19*x(2)^2-173*x(3)^2+207*x(4)^2;
             (-3*x(1)*x(2))-23*x(1)+118*x(2)+12*x(1)*x(3)+11*x(1)*x(4)-474*x(4)+196*x(2)*x(3)-180*x(2)*x(4)-8*x(3)*x(4)-19*x(2)^2-173*x(3)^2+207*x(4)^2;
             (-3*x(1)*x(2))-23*x(1)+118*x(2)+12*x(1)*x(3)+11*x(1)*x(4)-474*x(4)+196*x(2)*x(3)-180*x(2)*x(4)-8*x(3)*x(4)-19*x(2)^2-173*x(3)^2+207*x(4)^2;
             (-3*x(1)*x(2))-23*x(1)+118*x(2)+12*x(1)*x(3)+11*x(1)*x(4)-474*x(4)+196*x(2)*x(3)-180*x(2)*x(4)-8*x(3)*x(4)-19*x(2)^2-173*x(3)^2+207*x(4)^2;
             (-3*x(1)*x(2))-23*x(1)+118*x(2)+12*x(1)*x(3)+11*x(1)*x(4)-474*x(4)+196*x(2)*x(3)-180*x(2)*x(4)-8*x(3)*x(4)-19*x(2)^2-173*x(3)^2+207*x(4)^2;
             (-3*x(1)*x(2))-23*x(1)+118*x(2)+12*x(1)*x(3)+11*x(1)*x(4)-474*x(4)+196*x(2)*x(3)-180*x(2)*x(4)-8*x(3)*x(4)-19*x(2)^2-173*x(3)^2+207*x(4)^2;
             (-3*x(1)*x(2))-23*x(1)+118*x(2)+12*x(1)*x(3)+11*x(1)*x(4)-474*x(4)+196*x(2)*x(3)-180*x(2)*x(4)-8*x(3)*x(4)-19*x(2)^2-173*x(3)^2+207*x(4)^2;
             (-3*x(1)*x(2))-23*x(1)+118*x(2)+12*x(1)*x(3)+11*x(1)*x(4)-474*x(4)+196*x(2)*x(3)-180*x(2)*x(4)-8*x(3)*x(4)-19*x(2)^2-173*x(3)^2+207*x(4)^2;
             119*x(1)-6*x(1)*x(2)+263*x(2)+45*x(1)*x(3)+37*x(1)*x(4)-1609*x(4)+810*x(2)*x(3)-798*x(2)*x(4)-31*x(3)*x(4)-7*x(1)^2-36*x(2)^2-712*x(3)^2+857*x(4)^2;
             119*x(1)-6*x(1)*x(2)+263*x(2)+45*x(1)*x(3)+37*x(1)*x(4)-1609*x(4)+810*x(2)*x(3)-798*x(2)*x(4)-31*x(3)*x(4)-7*x(1)^2-36*x(2)^2-712*x(3)^2+857*x(4)^2;
             119*x(1)-6*x(1)*x(2)+263*x(2)+45*x(1)*x(3)+37*x(1)*x(4)-1609*x(4)+810*x(2)*x(3)-798*x(2)*x(4)-31*x(3)*x(4)-7*x(1)^2-36*x(2)^2-712*x(3)^2+857*x(4)^2;
             119*x(1)-6*x(1)*x(2)+263*x(2)+45*x(1)*x(3)+37*x(1)*x(4)-1609*x(4)+810*x(2)*x(3)-798*x(2)*x(4)-31*x(3)*x(4)-7*x(1)^2-36*x(2)^2-712*x(3)^2+857*x(4)^2;
             119*x(1)-6*x(1)*x(2)+263*x(2)+45*x(1)*x(3)+37*x(1)*x(4)-1609*x(4)+810*x(2)*x(3)-798*x(2)*x(4)-31*x(3)*x(4)-7*x(1)^2-36*x(2)^2-712*x(3)^2+857*x(4)^2;
             119*x(1)-6*x(1)*x(2)+263*x(2)+45*x(1)*x(3)+37*x(1)*x(4)-1609*x(4)+810*x(2)*x(3)-798*x(2)*x(4)-31*x(3)*x(4)-7*x(1)^2-36*x(2)^2-712*x(3)^2+857*x(4)^2;
             119*x(1)-6*x(1)*x(2)+263*x(2)+45*x(1)*x(3)+37*x(1)*x(4)-1609*x(4)+810*x(2)*x(3)-798*x(2)*x(4)-31*x(3)*x(4)-7*x(1)^2-36*x(2)^2-712*x(3)^2+857*x(4)^2;
             119*x(1)-6*x(1)*x(2)+263*x(2)+45*x(1)*x(3)+37*x(1)*x(4)-1609*x(4)+810*x(2)*x(3)-798*x(2)*x(4)-31*x(3)*x(4)-7*x(1)^2-36*x(2)^2-712*x(3)^2+857*x(4)^2;
             119*x(1)-6*x(1)*x(2)+263*x(2)+45*x(1)*x(3)+37*x(1)*x(4)-1609*x(4)+810*x(2)*x(3)-798*x(2)*x(4)-31*x(3)*x(4)-7*x(1)^2-36*x(2)^2-712*x(3)^2+857*x(4)^2;
             119*x(1)-6*x(1)*x(2)+263*x(2)+45*x(1)*x(3)+37*x(1)*x(4)-1609*x(4)+810*x(2)*x(3)-798*x(2)*x(4)-31*x(3)*x(4)-7*x(1)^2-36*x(2)^2-712*x(3)^2+857*x(4)^2;
             119*x(1)-6*x(1)*x(2)+263*x(2)+45*x(1)*x(3)+37*x(1)*x(4)-1609*x(4)+810*x(2)*x(3)-798*x(2)*x(4)-31*x(3)*x(4)-7*x(1)^2-36*x(2)^2-712*x(3)^2+857*x(4)^2;
             119*x(1)-6*x(1)*x(2)+263*x(2)+45*x(1)*x(3)+37*x(1)*x(4)-1609*x(4)+810*x(2)*x(3)-798*x(2)*x(4)-31*x(3)*x(4)-7*x(1)^2-36*x(2)^2-712*x(3)^2+857*x(4)^2;
             119*x(1)-6*x(1)*x(2)+263*x(2)+45*x(1)*x(3)+37*x(1)*x(4)-1609*x(4)+810*x(2)*x(3)-798*x(2)*x(4)-31*x(3)*x(4)-7*x(1)^2-36*x(2)^2-712*x(3)^2+857*x(4)^2;
             119*x(1)-6*x(1)*x(2)+263*x(2)+45*x(1)*x(3)+37*x(1)*x(4)-1609*x(4)+810*x(2)*x(3)-798*x(2)*x(4)-31*x(3)*x(4)-7*x(1)^2-36*x(2)^2-712*x(3)^2+857*x(4)^2;
             119*x(1)-6*x(1)*x(2)+263*x(2)+45*x(1)*x(3)+37*x(1)*x(4)-1609*x(4)+810*x(2)*x(3)-798*x(2)*x(4)-31*x(3)*x(4)-7*x(1)^2-36*x(2)^2-712*x(3)^2+857*x(4)^2;
             15*x(1)*x(2)-3460*x(1)+236*x(2)+11*x(1)*x(3)-12*x(1)*x(4)+744*x(4)+174*x(2)*x(3)-274*x(2)*x(4)+61*x(3)*x(4)+112*x(1)^2-x(2)^2-215*x(3)^2+47*x(4)^2;
             15*x(1)*x(2)-3460*x(1)+236*x(2)+11*x(1)*x(3)-12*x(1)*x(4)+744*x(4)+174*x(2)*x(3)-274*x(2)*x(4)+61*x(3)*x(4)+112*x(1)^2-x(2)^2-215*x(3)^2+47*x(4)^2;
             15*x(1)*x(2)-3460*x(1)+236*x(2)+11*x(1)*x(3)-12*x(1)*x(4)+744*x(4)+174*x(2)*x(3)-274*x(2)*x(4)+61*x(3)*x(4)+112*x(1)^2-x(2)^2-215*x(3)^2+47*x(4)^2;
             15*x(1)*x(2)-3460*x(1)+236*x(2)+11*x(1)*x(3)-12*x(1)*x(4)+744*x(4)+174*x(2)*x(3)-274*x(2)*x(4)+61*x(3)*x(4)+112*x(1)^2-x(2)^2-215*x(3)^2+47*x(4)^2;
             15*x(1)*x(2)-3460*x(1)+236*x(2)+11*x(1)*x(3)-12*x(1)*x(4)+744*x(4)+174*x(2)*x(3)-274*x(2)*x(4)+61*x(3)*x(4)+112*x(1)^2-x(2)^2-215*x(3)^2+47*x(4)^2;
             15*x(1)*x(2)-3460*x(1)+236*x(2)+11*x(1)*x(3)-12*x(1)*x(4)+744*x(4)+174*x(2)*x(3)-274*x(2)*x(4)+61*x(3)*x(4)+112*x(1)^2-x(2)^2-215*x(3)^2+47*x(4)^2;
             15*x(1)*x(2)-3460*x(1)+236*x(2)+11*x(1)*x(3)-12*x(1)*x(4)+744*x(4)+174*x(2)*x(3)-274*x(2)*x(4)+61*x(3)*x(4)+112*x(1)^2-x(2)^2-215*x(3)^2+47*x(4)^2;
             15*x(1)*x(2)-3460*x(1)+236*x(2)+11*x(1)*x(3)-12*x(1)*x(4)+744*x(4)+174*x(2)*x(3)-274*x(2)*x(4)+61*x(3)*x(4)+112*x(1)^2-x(2)^2-215*x(3)^2+47*x(4)^2;
             15*x(1)*x(2)-3460*x(1)+236*x(2)+11*x(1)*x(3)-12*x(1)*x(4)+744*x(4)+174*x(2)*x(3)-274*x(2)*x(4)+61*x(3)*x(4)+112*x(1)^2-x(2)^2-215*x(3)^2+47*x(4)^2;
             15*x(1)*x(2)-3460*x(1)+236*x(2)+11*x(1)*x(3)-12*x(1)*x(4)+744*x(4)+174*x(2)*x(3)-274*x(2)*x(4)+61*x(3)*x(4)+112*x(1)^2-x(2)^2-215*x(3)^2+47*x(4)^2;
             15*x(1)*x(2)-3460*x(1)+236*x(2)+11*x(1)*x(3)-12*x(1)*x(4)+744*x(4)+174*x(2)*x(3)-274*x(2)*x(4)+61*x(3)*x(4)+112*x(1)^2-x(2)^2-215*x(3)^2+47*x(4)^2;
             15*x(1)*x(2)-3460*x(1)+236*x(2)+11*x(1)*x(3)-12*x(1)*x(4)+744*x(4)+174*x(2)*x(3)-274*x(2)*x(4)+61*x(3)*x(4)+112*x(1)^2-x(2)^2-215*x(3)^2+47*x(4)^2;
             15*x(1)*x(2)-3460*x(1)+236*x(2)+11*x(1)*x(3)-12*x(1)*x(4)+744*x(4)+174*x(2)*x(3)-274*x(2)*x(4)+61*x(3)*x(4)+112*x(1)^2-x(2)^2-215*x(3)^2+47*x(4)^2;
             15*x(1)*x(2)-3460*x(1)+236*x(2)+11*x(1)*x(3)-12*x(1)*x(4)+744*x(4)+174*x(2)*x(3)-274*x(2)*x(4)+61*x(3)*x(4)+112*x(1)^2-x(2)^2-215*x(3)^2+47*x(4)^2;
             15*x(1)*x(2)-3460*x(1)+236*x(2)+11*x(1)*x(3)-12*x(1)*x(4)+744*x(4)+174*x(2)*x(3)-274*x(2)*x(4)+61*x(3)*x(4)+112*x(1)^2-x(2)^2-215*x(3)^2+47*x(4)^2;
             (-0.15*x(1)*x(2))-0.05*x(1)+2.83*x(2)+0.098*x(1)*x(3)+0.098*x(1)*x(4)-3.53*x(4)+0.89*x(2)*x(3)-2.65*x(2)*x(4)+0.59*x(3)*x(4)+0.59*x(2)^2-1.47*x(3)^2+2.06*x(4)^2;
