% This BARON input file was generated by the MATLAB/BARON interface.
% The BARON/MATLAB interface was developed by J. Currie.  The interface
% is provided free of charge and with no warranties from The Optimization
% Firm, http://www.minlp.com.
% Interface version: v1.51 [17-Dec-2013]
% File generated: 30-May-2015 17:37:14
% Model: inf_mip_97

% Objective
fun = @(x)40*x(51)+40*x(52)+40*x(53)+20*x(54)+20*x(55)+20*x(56)+999*x(61)+999*x(62)+300*x(115)+300*x(116)+300*x(117)+200*x(118)+200*x(119)+200*x(120)+20*x(193)+25*x(194)+22*x(197)+18*x(198)+29*x(201)+24*x(202)+13*x(205)+19*x(206)+30*x(209)+18*x(210)+35*x(213)+28*x(214);

% Bounds
lb = [0,0,0,0,0,0,0,0,0,0,0,0,0,0,0,0,0,0,0,0,0,0,0,0,0,0,0,0,0,0,0,0,0,0,0,0,0,0,0,0,0,0,0,0,0,0,0,0,0,0,0,0,0,0,0,0,0,0,0,0,-Inf,-Inf,-Inf,-Inf,0,0,0,0,0,0,0,0,0,0,0,0,0,0,0,0,0,0,0,0,0,0,0,0,0,0,0,0,0,0,0,0,0,0,0,0,0,0,0,0,0,0,0,0,0,0,0,0,0,0,0,0,0,0,0,0,0,0,0,0,0,0,0,0,0,0,0,0,0,0,0,0,0,0,0,0,0,0,0,0,0,0,0,0,0,0,0,0,0,0,0,0,0,0,0,0,0,0,0,0,0,0,0,0,0,0,0,0,0,0,0,0,0,0,0,0,0,0,0,0,0,0,0,0,0,0,0,0,0,0,0,0,0,0,0,0,0,0,0,0,0,0,0,0,0,0,0,0,0,0,0,0,0,0,0,0,0,0,0,0,0,0,0,0,0,0,0,0,0,0,0,0,0,0,0,0,0,0,0,0]';
ub = [Inf,Inf,Inf,Inf,Inf,Inf,Inf,Inf,Inf,Inf,Inf,Inf,Inf,Inf,Inf,Inf,Inf,Inf,Inf,Inf,Inf,Inf,Inf,Inf,Inf,Inf,Inf,Inf,Inf,Inf,Inf,Inf,Inf,Inf,Inf,Inf,Inf,Inf,Inf,Inf,Inf,Inf,Inf,Inf,Inf,Inf,Inf,Inf,Inf,Inf,Inf,Inf,Inf,Inf,Inf,Inf,Inf,Inf,Inf,Inf,Inf,Inf,Inf,Inf,100,100,100,100,100,100,100,100,100,100,100,100,100,100,100,100,100,100,100,100,100,100,100,100,100,100,100,100,100,100,100,100,100,100,100,100,100,100,100,100,100,100,100,100,100,100,100,100,100,100,100,100,100,100,100,100,100,100,100,100,100,100,100,100,100,100,100,100,100,100,100,100,100,100,100,100,100,100,100,100,100,100,100,100,100,100,100,100,100,100,100,100,100,100,100,100,100,100,100,100,100,100,100,100,100,100,100,100,100,100,100,100,100,100,100,100,100,100,100,100,100,100,100,100,100,100,100,100,100,100,100,100,100,100,100,100,100,100,100,100,100,100,100,100,100,100,100,100,100,100,100,100,100,100,100,100,100,100,100,100,100,100,100,100,100,100,100,100,100,100,100,100,100,100,100,100,100,100,100,100]';

% Constraints
nlcon = @(x)[-x(1)-x(2)-x(3)+x(16)+x(21)+x(51);
             -x(6)-x(7)-x(8)+x(17)+x(22)+x(52);
             -x(11)-x(12)-x(13)+x(18)+x(23)+x(53);
             -x(26)-x(27)-x(28)+x(41)+x(46)+x(54);
             -x(31)-x(32)-x(33)+x(42)+x(47)+x(55);
             -x(36)-x(37)-x(38)+x(43)+x(48)+x(56);
             -x(65)+x(68)+x(69)-x(70)-x(75)+x(115);
             -x(66)-x(71)+x(73)+x(74)-x(76)+x(116);
             -x(67)-x(72)-x(77)+x(78)+x(79)+x(117);
             -x(90)+x(93)+x(94)-x(95)-x(100)+x(118);
             -x(91)-x(96)+x(98)+x(99)-x(101)+x(119);
             -x(92)-x(97)-x(102)+x(103)+x(104)+x(120);
             x(16)+x(17)+x(18)-x(19)-x(20)-x(57);
             x(21)+x(22)+x(23)-x(24)-x(25)-x(58);
             x(41)+x(42)+x(43)-x(44)-x(45)-x(59);
             x(46)+x(47)+x(48)-x(49)-x(50)-x(60);
             x(68)+x(73)+x(78)-x(86)-x(87);
             x(69)+x(74)+x(79)-x(88)-x(89);
             x(93)+x(98)+x(103)-x(111)-x(112);
             x(94)+x(99)+x(104)-x(113)-x(114);
             x(57)+x(58);
             x(59)+x(60);
             x(121)+x(125)+x(129)+x(133)+x(137)+x(141)-x(145)-x(169)-x(193)-x(205)-x(217)-x(229);
             x(122)+x(126)+x(130)+x(134)+x(138)+x(142)-x(146)-x(170)-x(194)-x(206)-x(218)-x(230);
             x(123)+x(127)+x(131)+x(135)+x(139)+x(143)-x(147)-x(171)-x(195)-x(207)-x(219)-x(231);
             x(124)+x(128)+x(132)+x(136)+x(140)+x(144)-x(148)-x(172)-x(196)-x(208)-x(220)-x(232);
             -x(121)+x(145)+x(149)+x(153)+x(157)+x(161)+x(165)-x(173)-x(197)-x(209)-x(221)-x(233);
             -x(122)+x(146)+x(150)+x(154)+x(158)+x(162)+x(166)-x(174)-x(198)-x(210)-x(222)-x(234);
             -x(123)+x(147)+x(151)+x(155)+x(159)+x(163)+x(167)-x(175)-x(199)-x(211)-x(223)-x(235);
             -x(124)+x(148)+x(152)+x(156)+x(160)+x(164)+x(168)-x(176)-x(200)-x(212)-x(224)-x(236);
             -x(125)-x(149)+x(169)+x(173)+x(177)+x(181)+x(185)+x(189)-x(201)-x(213)-x(225)-x(237);
             -x(126)-x(150)+x(170)+x(174)+x(178)+x(182)+x(186)+x(190)-x(202)-x(214)-x(226)-x(238);
             -x(127)-x(151)+x(171)+x(175)+x(179)+x(183)+x(187)+x(191)-x(203)-x(215)-x(227)-x(239);
             -x(128)-x(152)+x(172)+x(176)+x(180)+x(184)+x(188)+x(192)-x(204)-x(216)-x(228)-x(240);
             x(193)+x(197)+x(201)+x(205)+x(209)+x(213)+x(217)+x(221)+x(225)+x(229)+x(233)+x(237);
             x(194)+x(198)+x(202)+x(206)+x(210)+x(214)+x(218)+x(222)+x(226)+x(230)+x(234)+x(238);
             x(195)+x(199)+x(203)+x(207)+x(211)+x(215)+x(219)+x(223)+x(227)+x(231)+x(235)+x(239);
             x(196)+x(200)+x(204)+x(208)+x(212)+x(216)+x(220)+x(224)+x(228)+x(232)+x(236)+x(240);
             x(241)-x(242);
             -9999999999999*x(63)+x(241);
             9999999999999*x(63)+x(242);
             x(51)+x(52)+x(53)+x(54)+x(55)+x(56)-x(241);
             -x(115)-x(116)-x(117)-x(118)-x(119)-x(120)+x(243)-x(244);
             -9999999999999*x(64)+x(243);
             9999999999999*x(64)+x(244);
             x(115)+x(116)+x(117)+x(118)+x(119)+x(120)-x(243);
             x(16)-9999999999999*x(61);
             x(17)-9999999999999*x(61);
             x(18)-9999999999999*x(61);
             x(21)-9999999999999*x(62);
             x(22)-9999999999999*x(62);
             x(23)-9999999999999*x(62);
             x(41)-9999999999999*x(61);
             x(42)-9999999999999*x(61);
             x(43)-9999999999999*x(61);
             x(46)-9999999999999*x(62);
             x(47)-9999999999999*x(62);
             x(48)-9999999999999*x(62);
             x(4)+x(29)-100*x(137)-80*x(138);
             x(5)+x(30)-100*x(141)-80*x(142);
             x(9)+x(34)-100*x(161)-80*x(162);
             x(10)+x(35)-100*x(165)-80*x(166);
             x(14)+x(39)-100*x(185)-80*x(186);
             x(15)+x(40)-100*x(189)-80*x(190);
             x(16)+x(41)-100*x(193)-80*x(194);
             x(17)+x(42)-100*x(197)-80*x(198);
             x(18)+x(43)-100*x(201)-80*x(202);
             x(21)+x(46)-100*x(205)-80*x(206);
             x(22)+x(47)-100*x(209)-80*x(210);
             x(23)+x(48)-100*x(213)-80*x(214);
             x(68)+x(93)-500*x(137)-600*x(138);
             x(69)+x(94)-500*x(141)-600*x(142);
             x(73)+x(98)-500*x(161)-600*x(162);
             x(74)+x(99)-500*x(165)-600*x(166);
             x(78)+x(103)-500*x(185)-600*x(186);
             x(79)+x(104)-500*x(189)-600*x(190);
             x(80)+x(105)-500*x(193)-600*x(194);
             x(81)+x(106)-500*x(197)-600*x(198);
             x(82)+x(107)-500*x(201)-600*x(202);
             x(83)+x(108)-500*x(205)-600*x(206);
             x(84)+x(109)-500*x(209)-600*x(210);
             x(85)+x(110)-500*x(213)-600*x(214)];
cl = [365,243,345,132,260,252,265,413,145,312,160,152,-Inf,-Inf,-Inf,-Inf,-Inf,-Inf,-Inf,-Inf,-Inf,-Inf,0,0,0,0,0,0,0,0,0,0,0,0,-Inf,-Inf,-Inf,-Inf,897,-Inf,-Inf,0,-1650,-Inf,-Inf,0,-Inf,-Inf,-Inf,-Inf,-Inf,-Inf,-Inf,-Inf,-Inf,-Inf,-Inf,-Inf,-Inf,-Inf,-Inf,-Inf,-Inf,-Inf,-Inf,-Inf,-Inf,-Inf,-Inf,-Inf,-Inf,-Inf,-Inf,-Inf,-Inf,-Inf,-Inf,-Inf,-Inf,-Inf,-Inf,-Inf]';
cu = [365,243,345,132,260,252,265,413,145,312,160,152,0,0,0,0,400,450,400,400,300,400,0,0,0,0,0,0,0,0,0,0,0,0,3,5,2,2,897,0,9999999999999,0,-1650,0,9999999999999,0,0,0,0,0,0,0,0,0,0,0,0,0,0,0,0,0,0,0,0,0,0,0,0,0,0,0,0,0,0,0,0,0,0,0,0,0]';

% Variables (C = continuous, B = binary, I = integer)
xtype = 'CCCCCCCCCCCCCCCCCCCCCCCCCCCCCCCCCCCCCCCCCCCCCCCCCCCCCCCCCCCCBBBBIIIIIIIIIIIIIIIIIIIIIIIIIIIIIIIIIIIIIIIIIIIIIIIIIIIIIIIIIIIIIIIIIIIIIIIIIIIIIIIIIIIIIIIIIIIIIIIIIIIIIIIIIIIIIIIIIIIIIIIIIIIIIIIIIIIIIIIIIIIIIIIIIIIIIIIIIIIIIIIIIIIIIIIIIIIIIIIIIIII';

% Starting Guess
