% This BARON input file was generated by the MATLAB/BARON interface.
% The BARON/MATLAB interface was developed by J. Currie.  The interface
% is provided free of charge and with no warranties from The Optimization
% Firm, http://www.minlp.com.
% Interface version: v1.51 [17-Dec-2013]
% File generated: 07-Jan-2016 14:39:11
% Model: inf_minlp_400

% Objective
fun = @(x)3*x(1)+55*x(2)+22*x(3)+33*x(4)+50*x(5)+31*x(6)+50*x(7)+27*x(8)+23*x(9)+16*x(10)+16*x(11)+43*x(12)+43*x(13)+50*x(14)+50*x(15)+50*x(16)+50*x(17)+66*x(18)+58*x(19)+66*x(20)+134*x(21)+120*x(22)+54*x(23)+24*x(24)+68*x(25)+72*x(26)+36*x(27)+32*x(28)+20*x(29)+146*x(30)+36*x(31)+55*x(32)+30*x(33)+94*x(34)+35*x(35)+33*x(36)+50*x(37)+62*x(38)+86*x(39)+114*x(40)+84*x(41)-1912;

% Bounds
lb = [1,1,1,1,1,1,1,1,1,1,1,1,1,1,1,1,1,1,1,1,1,1,1,1,2,1,1,1,1,1,2,2,2,1,0,0,0,0,0,0,0,0,0,0,0,0,0,0,0,0,0,0,0,0,0,0,0,0,0,0,0,0,0,0,0,-1000,-1000,-1000,-1000,-1000,-1000,-1000,-1000,-1000,-1000,-1000,-1000,-1000,-1000,-1000,-1000,-1000,-1000,-1000,-1000,-1000,-1000,-1000,-1000,-1000,-1000,-1000,-1000,-1000,-1000,-1000,-1000,-1000,-1000,-1000,-1000,-1000,-1000,-1000,-1000,-1000]';
ub = [4,4,4,4,4,4,4,4,4,4,4,4,4,4,4,4,4,4,4,4,4,4,4,4,5,4,4,4,4,4,5,5,5,4,3,3,3,3,3,3,3,1000,1000,1000,1000,1000,1000,1000,1000,1000,1000,1000,1000,1000,1000,1000,1000,1000,1000,1000,1000,1000,1000,1000,1000,1000,1000,1000,1000,1000,1000,1000,1000,1000,1000,1000,1000,1000,1000,1000,1000,1000,1000,1000,1000,1000,1000,1000,1000,1000,1000,1000,1000,1000,1000,1000,1000,1000,1000,1000,1000,1000,1000,1000,1000,1000]';

% Constraints
nlcon = @(x)[-1000*x(1)*(x(42)-x(43))+x(66);
             -65.814*x(2)*(x(42)-x(44))+x(67);
             -164.497*x(3)*(x(42)-x(46))+x(68);
             -109.708*x(4)*(x(43)-x(45))+x(69);
             -72.396*x(5)*(x(43)-x(47))+x(70);
             -116.807*x(6)*(x(44)-x(50))+x(71);
             -165.673*x(7)*(x(44)-x(65))+x(72);
             -134.041*x(8)*(x(45)-x(50))+x(73);
             -157.418*x(9)*(x(46)-x(51))+x(74);
             -229.752*x(10)*(x(47)-x(51))+x(75);
             -226.384*x(11)*(x(48)-x(49))+x(76);
             -84.191*x(12)*(x(49)-x(50))+x(77);
             -84.191*x(13)*(x(49)-x(51))+x(78);
             -165.673*x(14)*(x(50)-x(52))+x(79);
             -165.673*x(15)*(x(50)-x(53))+x(80);
             -165.673*x(16)*(x(51)-x(52))+x(81);
             -165.673*x(17)*(x(51)-x(53))+x(82);
             -292.017*x(18)*(x(52)-x(54))+x(83);
             -332.536*x(19)*(x(52)-x(55))+x(84);
             -292.017*x(20)*(x(53)-x(54))+x(85);
             -143.892*x(21)*(x(53)-x(64))+x(86);
             -160.694*x(22)*(x(54)-x(64))+x(87);
             -357.326*x(23)*(x(55)-x(57))+x(88);
             -803.468*x(24)*(x(56)-x(57))+x(89);
             -283.673*x(25)*(x(56)-x(62))+x(90);
             -267.823*x(26)*(x(56)-x(65))+x(91);
             -536.68*x(27)*(x(57)-x(58))+x(92);
             -601.732*x(28)*(x(57)-x(60))+x(93);
             -965.278*x(29)*(x(58)-x(59))+x(94);
             -132.004*x(30)*(x(58)-x(63))+x(95);
             -536.68*x(31)*(x(59)-x(62))+x(96);
             -351.01*x(32)*(x(60)-x(61))+x(97);
             -643.519*x(33)*(x(61)-x(64))+x(98);
             -205.015*x(34)*(x(62)-x(63))+x(99);
             -103.423*x(35)*(x(42)-x(49))+x(100);
             -109.708*x(36)*(x(43)-x(49))+x(101);
             -72.396*x(37)*(x(47)-x(48))+x(102);
             -310.962*x(38)*(x(54)-x(55))+x(103);
             -224.194*x(39)*(x(55)-x(64))+x(104);
             -169.1*x(40)*(x(57)-x(64))+x(105);
             -229.373*x(41)*(x(60)-x(64))+x(106);
             x(66)+x(67)+x(68)+x(100);
             -x(66)+x(69)+x(70)+x(101);
             -x(67)+x(71)+x(72);
             -x(69)+x(73);
             -x(68)+x(74);
             -x(70)+x(75)+x(102);
             x(76)-x(102);
             -x(76)+x(77)+x(78)-x(100)-x(101);
             -x(71)-x(73)-x(77)+x(79)+x(80);
             -x(74)-x(75)-x(78)+x(81)+x(82);
             -x(79)-x(81)+x(83)+x(84);
             -x(80)-x(82)+x(85)+x(86);
             -x(83)-x(85)+x(87)+x(103);
             -x(84)+x(88)-x(103)+x(104);
             x(89)+x(90)+x(91);
             -x(88)-x(89)+x(92)+x(93)+x(105);
             -x(92)+x(94)+x(95);
             -x(94)+x(96);
             -x(93)+x(97)+x(106);
             -x(97)+x(98);
             -x(90)-x(96)+x(99);
             -x(95)-x(99);
             -x(86)-x(87)-x(98)-x(104)-x(105)-x(106);
             -x(72)-x(91);
             17.131669*x(1)+x(66);
             17.131669*x(2)+x(67);
             17.131669*x(3)+x(68);
             17.131669*x(4)+x(69);
             17.131669*x(5)+x(70);
             17.131669*x(6)+x(71);
             39.158101*x(7)+x(72);
             17.131669*x(8)+x(73);
             17.131669*x(9)+x(74);
             17.131669*x(10)+x(75);
             17.131669*x(11)+x(76);
             17.131669*x(12)+x(77);
             17.131669*x(13)+x(78);
             39.158101*x(14)+x(79);
             39.158101*x(15)+x(80);
             39.158101*x(16)+x(81);
             39.158101*x(17)+x(82);
             48.947626*x(18)+x(83);
             48.947626*x(19)+x(84);
             48.947626*x(20)+x(85);
             48.947626*x(21)+x(86);
             48.947626*x(22)+x(87);
             48.947626*x(23)+x(88);
             48.947626*x(24)+x(89);
             48.947626*x(25)+x(90);
             48.947626*x(26)+x(91);
             48.947626*x(27)+x(92);
             48.947626*x(28)+x(93);
             48.947626*x(29)+x(94);
             48.947626*x(30)+x(95);
             48.947626*x(31)+x(96);
             48.947626*x(32)+x(97);
             48.947626*x(33)+x(98);
             48.947626*x(34)+x(99);
             48.947626*x(35)+x(100);
             48.947626*x(36)+x(101);
             48.947626*x(37)+x(102);
             48.947626*x(38)+x(103);
             48.947626*x(39)+x(104);
             48.947626*x(40)+x(105);
             48.947626*x(41)+x(106);
             -17.131669*x(1)+x(66);
             -17.131669*x(2)+x(67);
             -17.131669*x(3)+x(68);
             -17.131669*x(4)+x(69);
             -17.131669*x(5)+x(70);
             -17.131669*x(6)+x(71);
             -39.158101*x(7)+x(72);
             -17.131669*x(8)+x(73);
             -17.131669*x(9)+x(74);
             -17.131669*x(10)+x(75);
             -17.131669*x(11)+x(76);
             -17.131669*x(12)+x(77);
             -17.131669*x(13)+x(78);
             -39.158101*x(14)+x(79);
             -39.158101*x(15)+x(80);
             -39.158101*x(16)+x(81);
             -39.158101*x(17)+x(82);
             -48.947626*x(18)+x(83);
             -48.947626*x(19)+x(84);
             -48.947626*x(20)+x(85);
             -48.947626*x(21)+x(86);
             -48.947626*x(22)+x(87);
             -48.947626*x(23)+x(88);
             -48.947626*x(24)+x(89);
             -48.947626*x(25)+x(90);
             -48.947626*x(26)+x(91);
             -48.947626*x(27)+x(92);
             -48.947626*x(28)+x(93);
             -48.947626*x(29)+x(94);
             -48.947626*x(30)+x(95);
             -48.947626*x(31)+x(96);
             -48.947626*x(32)+x(97);
             -48.947626*x(33)+x(98);
             -48.947626*x(34)+x(99);
             -48.947626*x(35)+x(100);
             -48.947626*x(36)+x(101);
             -48.947626*x(37)+x(102);
             -48.947626*x(38)+x(103);
             -48.947626*x(39)+x(104);
             -48.947626*x(40)+x(105);
             -48.947626*x(41)+x(106)];
