% This BARON input file was generated by the MATLAB/BARON interface.
% The BARON/MATLAB interface was developed by J. Currie.  The interface
% is provided free of charge and with no warranties from The Optimization
% Firm, http://www.minlp.com.
% Interface version: v1.51 [17-Dec-2013]
% File generated: 31-May-2015 23:17:09
% Model: inf_nlp_149

% Objective
fun = @(x)0.375*x(1)*x(1)-0.0625*x(1)+0.375*x(2)*x(2)-0.0625*x(2)+0.375*x(3)*x(3)-0.0625*x(3)+0.375*x(4)*x(4)-0.0625*x(4)+0.375*x(5)*x(5)-0.0625*x(5)+0.375*x(6)*x(6)-0.0625*x(6)+0.375*x(7)*x(7)-0.0625*x(7)+0.375*x(8)*x(8)-0.0625*x(8)+0.375*x(9)*x(9)-0.0625*x(9)+0.375*x(10)*x(10)-0.0625*x(10)+0.375*x(11)*x(11)-0.0625*x(11)+0.375*x(12)*x(12)-0.0625*x(12)+0.375*x(13)*x(13)-0.0625*x(13)+0.375*x(14)*x(14)-0.0625*x(14)+0.375*x(15)*x(15)-0.0625*x(15)+0.375*x(16)*x(16)-0.0625*x(16)+0.375*x(17)*x(17)-0.0625*x(17)+0.375*x(18)*x(18)-0.0625*x(18)+0.375*x(19)*x(19)-0.0625*x(19)+0.375*x(20)*x(20)-0.0625*x(20)+0.375*x(21)*x(21)-0.0625*x(21)+0.375*x(22)*x(22)-0.0625*x(22)+0.375*x(23)*x(23)-0.0625*x(23)+0.375*x(24)*x(24)-0.0625*x(24)+0.375*x(25)*x(25)-0.0625*x(25)+0.375*x(26)*x(26)-0.0625*x(26)+0.375*x(27)*x(27)-0.0625*x(27)+0.375*x(28)*x(28)-0.0625*x(28)+0.375*x(29)*x(29)-0.0625*x(29)+0.375*x(30)*x(30)-0.0625*x(30)-x(1)*x(1)*x(1)-x(2)*x(2)*x(2)-x(3)*x(3)*x(3)-x(4)*x(4)*x(4)-x(5)*x(5)*x(5)-x(6)*x(6)*x(6)-x(7)*x(7)*x(7)-x(8)*x(8)*x(8)-x(9)*x(9)*x(9)-x(10)*x(10)*x(10)-x(11)*x(11)*x(11)-x(12)*x(12)*x(12)-x(13)*x(13)*x(13)-x(14)*x(14)*x(14)-x(15)*x(15)*x(15)-x(16)*x(16)*x(16)-x(17)*x(17)*x(17)-x(18)*x(18)*x(18)-x(19)*x(19)*x(19)-x(20)*x(20)*x(20)-x(21)*x(21)*x(21)-x(22)*x(22)*x(22)-x(23)*x(23)*x(23)-x(24)*x(24)*x(24)-x(25)*x(25)*x(25)-x(26)*x(26)*x(26)-x(27)*x(27)*x(27)-x(28)*x(28)*x(28)-x(29)*x(29)*x(29)-x(30)*x(30)*x(30)+x(1)*x(1)*x(1)*x(1)+x(2)*x(2)*x(2)*x(2)+x(3)*x(3)*x(3)*x(3)+x(4)*x(4)*x(4)*x(4)+x(5)*x(5)*x(5)*x(5)+x(6)*x(6)*x(6)*x(6)+x(7)*x(7)*x(7)*x(7)+x(8)*x(8)*x(8)*x(8)+x(9)*x(9)*x(9)*x(9)+x(10)*x(10)*x(10)*x(10)+x(11)*x(11)*x(11)*x(11)+x(12)*x(12)*x(12)*x(12)+x(13)*x(13)*x(13)*x(13)+x(14)*x(14)*x(14)*x(14)+x(15)*x(15)*x(15)*x(15)+x(16)*x(16)*x(16)*x(16)+x(17)*x(17)*x(17)*x(17)+x(18)*x(18)*x(18)*x(18)+x(19)*x(19)*x(19)*x(19)+x(20)*x(20)*x(20)*x(20)+x(21)*x(21)*x(21)*x(21)+x(22)*x(22)*x(22)*x(22)+x(23)*x(23)*x(23)*x(23)+x(24)*x(24)*x(24)*x(24)+x(25)*x(25)*x(25)*x(25)+x(26)*x(26)*x(26)*x(26)+x(27)*x(27)*x(27)*x(27)+x(28)*x(28)*x(28)*x(28)+x(29)*x(29)*x(29)*x(29)+x(30)*x(30)*x(30)*x(30);

% Bounds
lb = [0.08016797,0.40021772,0.39417204,0.47574821,0.33809504,0.45413093,0.32168027,0.44173772,0.28009405,0.42125146,0.50496371,0.42169466,0.33842561,0.25515656,0.50124152,0.41670218,0.35672103,0.376268,0.50452778,0.41315677,0.3778921,0.3997982,0.50703094,0.41280032,0.38739027,0.39361293,0.51746748,0.4132995,0.37926538,0.36638358]';
ub = [0.10016797,0.42021772,0.41417204,0.49574821,0.35809504,0.47413093,0.34168027,0.46173772,0.30009405,0.44125146,0.52496371,0.44169466,0.35842561,0.27515656,0.52124152,0.43670218,0.37672103,0.396268,0.52452778,0.43315677,0.3978921,0.4197982,0.52703094,0.43280032,0.40739027,0.41361293,0.53746748,0.4332995,0.39926538,0.38638358]';

% Constraints
nlcon = @(x)[-0.58333333*x(1)-0.91666667*x(2)-x(11);
             -0.41666667*x(1)-0.75*x(2)-x(12);
             -0.25*x(1)-0.58333333*x(2)-x(13);
             -0.08333333*x(1)-0.41666667*x(2)-x(14);
             0.08333333*x(3)*x(11)-0.58333333*x(3)+0.29166667*x(11)+0.125*x(3)*x(12)-0.04166667*x(12)+0.16666667*x(3)*x(13)-0.375*x(13)+0.20833333*x(3)*x(14)-0.45833333*x(14)+0.125*x(4)*x(11)-0.91666667*x(4)+0.16666667*x(4)*x(12)+0.20833333*x(4)*x(13)+0.25*x(4)*x(14)-x(15);
             0.08333333*x(3)*x(11)-0.41666667*x(3)-0.45833333*x(11)+0.125*x(3)*x(12)+0.20833333*x(12)+0.16666667*x(3)*x(13)-0.125*x(13)+0.20833333*x(3)*x(14)-0.45833333*x(14)+0.125*x(4)*x(11)-0.75*x(4)+0.16666667*x(4)*x(12)+0.20833333*x(4)*x(13)+0.25*x(4)*x(14)-x(16);
             0.08333333*x(3)*x(11)-0.25*x(3)-0.20833333*x(11)+0.125*x(3)*x(12)-0.54166667*x(12)+0.16666667*x(3)*x(13)+0.125*x(13)+0.20833333*x(3)*x(14)-0.20833333*x(14)+0.125*x(4)*x(11)-0.58333333*x(4)+0.16666667*x(4)*x(12)+0.20833333*x(4)*x(13)+0.25*x(4)*x(14)-x(17);
             0.08333333*x(3)*x(11)-0.08333333*x(3)-0.20833333*x(11)+0.125*x(3)*x(12)-0.29166667*x(12)+0.16666667*x(3)*x(13)-0.625*x(13)+0.20833333*x(3)*x(14)+0.04166667*x(14)+0.125*x(4)*x(11)-0.41666667*x(4)+0.16666667*x(4)*x(12)+0.20833333*x(4)*x(13)+0.25*x(4)*x(14)-x(18);
             0.08333333*x(5)*x(15)-0.58333333*x(5)+0.29166667*x(15)+0.125*x(5)*x(16)-0.04166667*x(16)+0.16666667*x(5)*x(17)-0.375*x(17)+0.20833333*x(5)*x(18)-0.45833333*x(18)+0.125*x(6)*x(15)-0.91666667*x(6)+0.16666667*x(6)*x(16)+0.20833333*x(6)*x(17)+0.25*x(6)*x(18)-x(19);
             0.08333333*x(5)*x(15)-0.41666667*x(5)-0.45833333*x(15)+0.125*x(5)*x(16)+0.20833333*x(16)+0.16666667*x(5)*x(17)-0.125*x(17)+0.20833333*x(5)*x(18)-0.45833333*x(18)+0.125*x(6)*x(15)-0.75*x(6)+0.16666667*x(6)*x(16)+0.20833333*x(6)*x(17)+0.25*x(6)*x(18)-x(20);
             0.08333333*x(5)*x(15)-0.25*x(5)-0.20833333*x(15)+0.125*x(5)*x(16)-0.54166667*x(16)+0.16666667*x(5)*x(17)+0.125*x(17)+0.20833333*x(5)*x(18)-0.20833333*x(18)+0.125*x(6)*x(15)-0.58333333*x(6)+0.16666667*x(6)*x(16)+0.20833333*x(6)*x(17)+0.25*x(6)*x(18)-x(21);
             0.08333333*x(5)*x(15)-0.08333333*x(5)-0.20833333*x(15)+0.125*x(5)*x(16)-0.29166667*x(16)+0.16666667*x(5)*x(17)-0.625*x(17)+0.20833333*x(5)*x(18)+0.04166667*x(18)+0.125*x(6)*x(15)-0.41666667*x(6)+0.16666667*x(6)*x(16)+0.20833333*x(6)*x(17)+0.25*x(6)*x(18)-x(22);
             0.08333333*x(7)*x(19)-0.58333333*x(7)+0.29166667*x(19)+0.125*x(7)*x(20)-0.04166667*x(20)+0.16666667*x(7)*x(21)-0.375*x(21)+0.20833333*x(7)*x(22)-0.45833333*x(22)+0.125*x(8)*x(19)-0.91666667*x(8)+0.16666667*x(8)*x(20)+0.20833333*x(8)*x(21)+0.25*x(8)*x(22)-x(23);
             0.08333333*x(7)*x(19)-0.41666667*x(7)-0.45833333*x(19)+0.125*x(7)*x(20)+0.20833333*x(20)+0.16666667*x(7)*x(21)-0.125*x(21)+0.20833333*x(7)*x(22)-0.45833333*x(22)+0.125*x(8)*x(19)-0.75*x(8)+0.16666667*x(8)*x(20)+0.20833333*x(8)*x(21)+0.25*x(8)*x(22)-x(24);
             0.08333333*x(7)*x(19)-0.25*x(7)-0.20833333*x(19)+0.125*x(7)*x(20)-0.54166667*x(20)+0.16666667*x(7)*x(21)+0.125*x(21)+0.20833333*x(7)*x(22)-0.20833333*x(22)+0.125*x(8)*x(19)-0.58333333*x(8)+0.16666667*x(8)*x(20)+0.20833333*x(8)*x(21)+0.25*x(8)*x(22)-x(25);
             0.08333333*x(7)*x(19)-0.08333333*x(7)-0.20833333*x(19)+0.125*x(7)*x(20)-0.29166667*x(20)+0.16666667*x(7)*x(21)-0.625*x(21)+0.20833333*x(7)*x(22)+0.04166667*x(22)+0.125*x(8)*x(19)-0.41666667*x(8)+0.16666667*x(8)*x(20)+0.20833333*x(8)*x(21)+0.25*x(8)*x(22)-x(26);
             0.08333333*x(9)*x(23)-0.58333333*x(9)+0.29166667*x(23)+0.125*x(9)*x(24)-0.04166667*x(24)+0.16666667*x(9)*x(25)-0.375*x(25)+0.20833333*x(9)*x(26)-0.45833333*x(26)+0.125*x(10)*x(23)-0.91666667*x(10)+0.16666667*x(10)*x(24)+0.20833333*x(10)*x(25)+0.25*x(10)*x(26)-x(27);
             0.08333333*x(9)*x(23)-0.41666667*x(9)-0.45833333*x(23)+0.125*x(9)*x(24)+0.20833333*x(24)+0.16666667*x(9)*x(25)-0.125*x(25)+0.20833333*x(9)*x(26)-0.45833333*x(26)+0.125*x(10)*x(23)-0.75*x(10)+0.16666667*x(10)*x(24)+0.20833333*x(10)*x(25)+0.25*x(10)*x(26)-x(28);
             0.08333333*x(9)*x(23)-0.25*x(9)-0.20833333*x(23)+0.125*x(9)*x(24)-0.54166667*x(24)+0.16666667*x(9)*x(25)+0.125*x(25)+0.20833333*x(9)*x(26)-0.20833333*x(26)+0.125*x(10)*x(23)-0.58333333*x(10)+0.16666667*x(10)*x(24)+0.20833333*x(10)*x(25)+0.25*x(10)*x(26)-x(29);
             0.08333333*x(9)*x(23)-0.08333333*x(9)-0.20833333*x(23)+0.125*x(9)*x(24)-0.29166667*x(24)+0.16666667*x(9)*x(25)-0.625*x(25)+0.20833333*x(9)*x(26)+0.04166667*x(26)+0.125*x(10)*x(23)-0.41666667*x(10)+0.16666667*x(10)*x(24)+0.20833333*x(10)*x(25)+0.25*x(10)*x(26)-x(30)];
cl = [-0.875,-0.83333333,-0.66666667,-0.625,-0.875,-0.83333333,-0.66666667,-0.625,-0.875,-0.83333333,-0.66666667,-0.625,-0.875,-0.83333333,-0.66666667,-0.625,-0.875,-0.83333333,-0.66666667,-0.625]';
