% This BARON input file was generated by the MATLAB/BARON interface.
% The BARON/MATLAB interface was developed by J. Currie.  The interface
% is provided free of charge and with no warranties from The Optimization
% Firm, http://www.minlp.com.
% Interface version: v1.51 [17-Dec-2013]
% File generated: 30-Jan-2014 17:10:54
% Model: 3a

% Objective
fun = @(x)x(1);

% Bounds
lb = [0,-Inf,-Inf,-Inf,-Inf,-Inf,-Inf,-Inf,-Inf,-Inf,-Inf,-Inf,-Inf,-Inf,-Inf,-Inf,-Inf,-Inf,-Inf,-Inf,-Inf,-Inf,-Inf,-Inf,-Inf,-Inf,-Inf,-Inf,-Inf,-Inf,-Inf,-Inf,-Inf,-Inf,-Inf,-Inf,-Inf,-Inf,-Inf,-Inf,-Inf,-Inf,-Inf]';
ub = [Inf,Inf,Inf,Inf,Inf,Inf,Inf,Inf,Inf,Inf,Inf,Inf,Inf,Inf,Inf,Inf,Inf,Inf,Inf,Inf,Inf,Inf,Inf,Inf,Inf,Inf,Inf,Inf,Inf,Inf,Inf,Inf,Inf,Inf,Inf,Inf,Inf,Inf,Inf,Inf,Inf,Inf,Inf]';

% Constraints
nlcon = @(x)[((-1+x(2)+x(16)+x(30))^2+2*((x(3)+x(17)+x(31))^2+(x(4)+x(18)+x(32))^2+(x(5)+x(19)+x(33))^2+(x(6)+x(20)+x(34))^2+(x(7)+x(21)+x(35))^2+(x(8)+x(22)+x(36))^2+(x(9)+x(23)+x(37))^2+(x(10)+x(24)+x(38))^2+(x(11)+x(25)+x(39))^2+(x(12)+x(26)+x(40))^2+(x(13)+x(27)+x(41))^2+(x(14)+x(28)+x(42))^2+(x(15)+x(29)+x(43))^2))^0.5;
             (1.1856953242199e-16*x(15)*x(14)-0.0116434881329331*x(15)*x(15)+0.0126137788106776*x(15)*x(13)+0.00813468942424909*x(15)*x(12)-0.00850444803444212*x(15)*x(11)-0.0144157472122029*x(15)*x(10)-6.23686894568237e-17*x(15)*x(9)+0.0159331942871717*x(15)*x(8)+0.0103943253754294*x(15)*x(7)-0.0110057562798665*x(15)*x(6)-0.0189206682160164*x(15)*x(5)-6.23686894568237e-17*x(15)*x(4)+0.0216236208183045*x(15)*x(3)+0.0143921428275173*x(15)*x(2)-0.0155914880631439*x(15)*x(3)-0.0275209719505694*x(15)*x(4)-6.23686894568237e-17*x(15)*x(5)+0.0336367434951403*x(15)*x(6)+0.023387232094716*x(15)*x(7)-0.0267282652511039*x(15)*x(8)-0.0504551152427105*x(15)*x(9)-6.23686894568237e-17*x(15)*x(10)+0.0756826728640657*x(15)*x(11)+0.062365952252576*x(15)*x(12)-0.0935489283788639*x(15)*x(13)-0.302730691456263*x(15)*x(14)+0.6*x(15)*x(15)+1.1856953242199e-16*x(14)*x(15)+0.0126137788106776*x(14)*x(14)+0.00813468942424909*x(14)*x(13)-0.00850444803444212*x(14)*x(12)-0.0144157472122029*x(14)*x(11)-6.23686894568237e-17*x(14)*x(10)+0.0159331942871717*x(14)*x(9)+0.0103943253754294*x(14)*x(8)-0.0110057562798665*x(14)*x(7)-0.0189206682160164*x(14)*x(6)-6.23686894568237e-17*x(14)*x(5)+0.0216236208183045*x(14)*x(4)+0.0143921428275173*x(14)*x(3)-0.0155914880631439*x(14)*x(2)-0.0275209719505694*x(14)*x(3)-6.23686894568237e-17*x(14)*x(4)+0.0336367434951403*x(14)*x(5)+0.023387232094716*x(14)*x(6)-0.0267282652511039*x(14)*x(7)-0.0504551152427105*x(14)*x(8)-6.23686894568237e-17*x(14)*x(9)+0.0756826728640657*x(14)*x(10)+0.062365952252576*x(14)*x(11)-0.0935489283788639*x(14)*x(12)-0.302730691456263*x(14)*x(13)+0.6*x(14)*x(14)-0.302730691456263*x(14)*x(15)+0.0126137788106776*x(13)*x(15)+0.00813468942424909*x(13)*x(14)-0.00850444803444212*x(13)*x(13)-0.0144157472122029*x(13)*x(12)-6.23686894568237e-17*x(13)*x(11)+0.0159331942871717*x(13)*x(10)+0.0103943253754294*x(13)*x(9)-0.0110057562798665*x(13)*x(8)-0.0189206682160164*x(13)*x(7)-6.23686894568237e-17*x(13)*x(6)+0.0216236208183045*x(13)*x(5)+0.0143921428275173*x(13)*x(4)-0.0155914880631439*x(13)*x(3)-0.0275209719505694*x(13)*x(2)-6.23686894568237e-17*x(13)*x(3)+0.0336367434951403*x(13)*x(4)+0.023387232094716*x(13)*x(5)-0.0267282652511039*x(13)*x(6)-0.0504551152427105*x(13)*x(7)-6.23686894568237e-17*x(13)*x(8)+0.0756826728640657*x(13)*x(9)+0.062365952252576*x(13)*x(10)-0.0935489283788639*x(13)*x(11)-0.302730691456263*x(13)*x(12)+0.6*x(13)*x(13)-0.302730691456263*x(13)*x(14)-0.0935489283788639*x(13)*x(15)+0.00813468942424909*x(12)*x(15)-0.00850444803444212*x(12)*x(14)-0.0144157472122029*x(12)*x(13)-6.23686894568237e-17*x(12)*x(12)+0.0159331942871717*x(12)*x(11)+0.0103943253754294*x(12)*x(10)-0.0110057562798665*x(12)*x(9)-0.0189206682160164*x(12)*x(8)-6.23686894568237e-17*x(12)*x(7)+0.0216236208183045*x(12)*x(6)+0.0143921428275173*x(12)*x(5)-0.0155914880631439*x(12)*x(4)-0.0275209719505694*x(12)*x(3)-6.23686894568237e-17*x(12)*x(2)+0.0336367434951403*x(12)*x(3)+0.023387232094716*x(12)*x(4)-0.0267282652511039*x(12)*x(5)-0.0504551152427105*x(12)*x(6)-6.23686894568237e-17*x(12)*x(7)+0.0756826728640657*x(12)*x(8)+0.062365952252576*x(12)*x(9)-0.0935489283788639*x(12)*x(10)-0.302730691456263*x(12)*x(11)+0.6*x(12)*x(12)-0.302730691456263*x(12)*x(13)-0.0935489283788639*x(12)*x(14)+0.062365952252576*x(12)*x(15)-0.00850444803444212*x(11)*x(15)-0.0144157472122029*x(11)*x(14)-6.23686894568237e-17*x(11)*x(13)+0.0159331942871717*x(11)*x(12)+0.0103943253754294*x(11)*x(11)-0.0110057562798665*x(11)*x(10)-0.0189206682160164*x(11)*x(9)-6.23686894568237e-17*x(11)*x(8)+0.0216236208183045*x(11)*x(7)+0.0143921428275173*x(11)*x(6)-0.0155914880631439*x(11)*x(5)-0.0275209719505694*x(11)*x(4)-6.23686894568237e-17*x(11)*x(3)+0.0336367434951403*x(11)*x(2)+0.023387232094716*x(11)*x(3)-0.0267282652511039*x(11)*x(4)-0.0504551152427105*x(11)*x(5)-6.23686894568237e-17*x(11)*x(6)+0.0756826728640657*x(11)*x(7)+0.062365952252576*x(11)*x(8)-0.0935489283788639*x(11)*x(9)-0.302730691456263*x(11)*x(10)+0.6*x(11)*x(11)-0.302730691456263*x(11)*x(12)-0.0935489283788639*x(11)*x(13)+0.062365952252576*x(11)*x(14)+0.0756826728640657*x(11)*x(15)-0.0144157472122029*x(10)*x(15)-6.23686894568237e-17*x(10)*x(14)+0.0159331942871717*x(10)*x(13)+0.0103943253754294*x(10)*x(12)-0.0110057562798665*x(10)*x(11)-0.0189206682160164*x(10)*x(10)-6.23686894568237e-17*x(10)*x(9)+0.0216236208183045*x(10)*x(8)+0.0143921428275173*x(10)*x(7)-0.0155914880631439*x(10)*x(6)-0.0275209719505694*x(10)*x(5)-6.23686894568237e-17*x(10)*x(4)+0.0336367434951403*x(10)*x(3)+0.023387232094716*x(10)*x(2)-0.0267282652511039*x(10)*x(3)-0.0504551152427105*x(10)*x(4)-6.23686894568237e-17*x(10)*x(5)+0.0756826728640657*x(10)*x(6)+0.062365952252576*x(10)*x(7)-0.0935489283788639*x(10)*x(8)-0.302730691456263*x(10)*x(9)+0.6*x(10)*x(10)-0.302730691456263*x(10)*x(11)-0.0935489283788639*x(10)*x(12)+0.062365952252576*x(10)*x(13)+0.0756826728640657*x(10)*x(14)-6.23686894568237e-17*x(10)*x(15)-6.23686894568237e-17*x(9)*x(15)+0.0159331942871717*x(9)*x(14)+0.0103943253754294*x(9)*x(13)-0.0110057562798665*x(9)*x(12)-0.0189206682160164*x(9)*x(11)-6.23686894568237e-17*x(9)*x(10)+0.0216236208183045*x(9)*x(9)+0.0143921428275173*x(9)*x(8)-0.0155914880631439*x(9)*x(7)-0.0275209719505694*x(9)*x(6)-6.23686894568237e-17*x(9)*x(5)+0.0336367434951403*x(9)*x(4)+0.023387232094716*x(9)*x(3)-0.0267282652511039*x(9)*x(2)-0.0504551152427105*x(9)*x(3)-6.23686894568237e-17*x(9)*x(4)+0.0756826728640657*x(9)*x(5)+0.062365952252576*x(9)*x(6)-0.0935489283788639*x(9)*x(7)-0.302730691456263*x(9)*x(8)+0.6*x(9)*x(9)-0.302730691456263*x(9)*x(10)-0.0935489283788639*x(9)*x(11)+0.062365952252576*x(9)*x(12)+0.0756826728640657*x(9)*x(13)-6.23686894568237e-17*x(9)*x(14)-0.0504551152427105*x(9)*x(15)+0.0159331942871717*x(8)*x(15)+0.0103943253754294*x(8)*x(14)-0.0110057562798665*x(8)*x(13)-0.0189206682160164*x(8)*x(12)-6.23686894568237e-17*x(8)*x(11)+0.0216236208183045*x(8)*x(10)+0.0143921428275173*x(8)*x(9)-0.0155914880631439*x(8)*x(8)-0.0275209719505694*x(8)*x(7)-6.23686894568237e-17*x(8)*x(6)+0.0336367434951403*x(8)*x(5)+0.023387232094716*x(8)*x(4)-0.0267282652511039*x(8)*x(3)-0.0504551152427105*x(8)*x(2)-6.23686894568237e-17*x(8)*x(3)+0.0756826728640657*x(8)*x(4)+0.062365952252576*x(8)*x(5)-0.0935489283788639*x(8)*x(6)-0.302730691456263*x(8)*x(7)+0.6*x(8)*x(8)-0.302730691456263*x(8)*x(9)-0.0935489283788639*x(8)*x(10)+0.062365952252576*x(8)*x(11)+0.0756826728640657*x(8)*x(12)-6.23686894568237e-17*x(8)*x(13)-0.0504551152427105*x(8)*x(14)-0.0267282652511039*x(8)*x(15)+0.0103943253754294*x(7)*x(15)-0.0110057562798665*x(7)*x(14)-0.0189206682160164*x(7)*x(13)-6.23686894568237e-17*x(7)*x(12)+0.0216236208183045*x(7)*x(11)+0.0143921428275173*x(7)*x(10)-0.0155914880631439*x(7)*x(9)-0.0275209719505694*x(7)*x(8)-6.23686894568237e-17*x(7)*x(7)+0.0336367434951403*x(7)*x(6)+0.023387232094716*x(7)*x(5)-0.0267282652511039*x(7)*x(4)-0.0504551152427105*x(7)*x(3)-6.23686894568237e-17*x(7)*x(2)+0.07