% This BARON input file was generated by the MATLAB/BARON interface.
% The BARON/MATLAB interface was developed by J. Currie.  The interface
% is provided free of charge and with no warranties from The Optimization
% Firm, http://www.minlp.com.
% Interface version: v1.51 [17-Dec-2013]
% File generated: 30-Jan-2014 22:29:57
% Model: dnieper

% Objective
fun = @(x)-(2.155*x(13)*x(37)+2.155*x(14)*x(38)+2.155*x(15)*x(39)+2.155*x(16)*x(40)+2.155*x(17)*x(41)+2.155*x(18)*x(42)+2.155*x(19)*x(43)+2.155*x(20)*x(44)+2.155*x(21)*x(45)+2.155*x(22)*x(46)+2.155*x(23)*x(47)+2.155*x(24)*x(48)-2000*x(61)*x(61)-24.89*x(37)-0.7135*x(13)-24.89*x(38)-0.7135*x(14)-24.89*x(39)-0.7135*x(15)-24.89*x(40)-0.7135*x(16)-24.89*x(41)-0.7135*x(17)-24.89*x(42)-0.7135*x(18)-24.89*x(43)-0.7135*x(19)-24.89*x(44)-0.7135*x(20)-24.89*x(45)-0.7135*x(21)-24.89*x(46)-0.7135*x(22)-24.89*x(47)-0.7135*x(23)-24.89*x(48)-0.7135*x(24))-0.07656*x(1)-0.07656*x(2)-0.07656*x(3)-0.07656*x(4)-0.07656*x(5)-0.07656*x(6)-0.07656*x(7)-0.07656*x(8)-0.07656*x(9)-0.07656*x(10)-0.07656*x(11)-0.07656*x(12)-19.95*x(25)-19.95*x(26)-19.95*x(27)-19.95*x(28)-19.95*x(29)-19.95*x(30)-19.95*x(31)-19.95*x(32)-19.95*x(33)-19.95*x(34)-19.95*x(35)-19.95*x(36)-112.464;

% Bounds
lb = [51.2,51.2,51.2,51.2,51.2,51.2,51.2,51.2,51.2,51.2,51.2,51.2,15,15,15,15,15,15,15,15,15,15,15,15,0.4,0.4,0.4,0.4,0.4,0.4,0.4,0.4,0.4,0.4,0.4,0.4,0.5,0.5,0.5,0.5,0.5,0.5,0.5,0.5,0.5,0.5,0.5,0.5,0,0,0,0,0,0,0,0,50.82,2,15.5,2.3,-Inf]';
ub = [51.4,51.4,51.4,51.4,51.4,51.4,51.4,51.4,51.4,51.4,51.4,51.4,16.1,16.1,16.1,16.1,16.1,16.1,16.1,16.1,16.1,16.1,16.1,16.1,4.6,4.6,4.6,4.6,4.6,4.6,4.6,4.6,4.6,4.6,4.6,4.6,4.8,4.8,4.8,4.8,4.8,4.8,4.8,4.8,4.8,4.8,4.8,4.8,0.7,0.7,0.7,0.7,0.7,0.7,0.7,0.7,50.82,2,15.5,2.3,Inf]';

% Constraints
nlcon = @(x)[(-0.02252*x(1)^2)-0.55878*x(1)-0.29316*x(1)*x(25)+8.05339*x(25)-0.013521*x(25)^2+0.00042*x(1)^3+0.00267*x(1)^2*x(25)+0.000281*x(25)^2*x(1)+3.2e-6*x(25)^3-(-0.02252*x(57)^2-0.55878*x(57)-0.29316*x(57)*x(58)+8.05339*x(58)-0.013521*x(58)^2+0.00042*x(57)^3+0.00267*x(57)^2*x(58)+0.000281*x(58)^2*x(57)+3.2e-6*x(58)^3)-2.68*x(25);
             (-0.02252*x(2)^2)-0.55878*x(2)-0.29316*x(2)*x(26)+8.05339*x(26)-0.013521*x(26)^2+0.00042*x(2)^3+0.00267*x(2)^2*x(26)+0.000281*x(26)^2*x(2)+3.2e-6*x(26)^3-(-0.02252*x(1)^2-0.55878*x(1)-0.29316*x(1)*x(25)+8.05339*x(25)-0.013521*x(25)^2+0.00042*x(1)^3+0.00267*x(1)^2*x(25)+0.000281*x(25)^2*x(1)+3.2e-6*x(25)^3)-2.68*x(26);
             (-0.02252*x(3)^2)-0.55878*x(3)-0.29316*x(3)*x(27)+8.05339*x(27)-0.013521*x(27)^2+0.00042*x(3)^3+0.00267*x(3)^2*x(27)+0.000281*x(27)^2*x(3)+3.2e-6*x(27)^3-(-0.02252*x(2)^2-0.55878*x(2)-0.29316*x(2)*x(26)+8.05339*x(26)-0.013521*x(26)^2+0.00042*x(2)^3+0.00267*x(2)^2*x(26)+0.000281*x(26)^2*x(2)+3.2e-6*x(26)^3)-2.68*x(27);
             (-0.02252*x(4)^2)-0.55878*x(4)-0.29316*x(4)*x(28)+8.05339*x(28)-0.013521*x(28)^2+0.00042*x(4)^3+0.00267*x(4)^2*x(28)+0.000281*x(28)^2*x(4)+3.2e-6*x(28)^3-(-0.02252*x(3)^2-0.55878*x(3)-0.29316*x(3)*x(27)+8.05339*x(27)-0.013521*x(27)^2+0.00042*x(3)^3+0.00267*x(3)^2*x(27)+0.000281*x(27)^2*x(3)+3.2e-6*x(27)^3)-2.68*x(28);
             (-0.02252*x(5)^2)-0.55878*x(5)-0.29316*x(5)*x(29)+8.05339*x(29)-0.013521*x(29)^2+0.00042*x(5)^3+0.00267*x(5)^2*x(29)+0.000281*x(29)^2*x(5)+3.2e-6*x(29)^3-(-0.02252*x(4)^2-0.55878*x(4)-0.29316*x(4)*x(28)+8.05339*x(28)-0.013521*x(28)^2+0.00042*x(4)^3+0.00267*x(4)^2*x(28)+0.000281*x(28)^2*x(4)+3.2e-6*x(28)^3)-2.68*x(29)-2.68*x(49);
             (-0.02252*x(6)^2)-0.55878*x(6)-0.29316*x(6)*x(30)+8.05339*x(30)-0.013521*x(30)^2+0.00042*x(6)^3+0.00267*x(6)^2*x(30)+0.000281*x(30)^2*x(6)+3.2e-6*x(30)^3-(-0.02252*x(5)^2-0.55878*x(5)-0.29316*x(5)*x(29)+8.05339*x(29)-0.013521*x(29)^2+0.00042*x(5)^3+0.00267*x(5)^2*x(29)+0.000281*x(29)^2*x(5)+3.2e-6*x(29)^3)-2.68*x(30)-2.68*x(50);
             (-0.02252*x(7)^2)-0.55878*x(7)-0.29316*x(7)*x(31)+8.05339*x(31)-0.013521*x(31)^2+0.00042*x(7)^3+0.00267*x(7)^2*x(31)+0.000281*x(31)^2*x(7)+3.2e-6*x(31)^3-(-0.02252*x(6)^2-0.55878*x(6)-0.29316*x(6)*x(30)+8.05339*x(30)-0.013521*x(30)^2+0.00042*x(6)^3+0.00267*x(6)^2*x(30)+0.000281*x(30)^2*x(6)+3.2e-6*x(30)^3)-2.68*x(31)-2.68*x(51);
             (-0.02252*x(8)^2)-0.55878*x(8)-0.29316*x(8)*x(32)+8.05339*x(32)-0.013521*x(32)^2+0.00042*x(8)^3+0.00267*x(8)^2*x(32)+0.000281*x(32)^2*x(8)+3.2e-6*x(32)^3-(-0.02252*x(7)^2-0.55878*x(7)-0.29316*x(7)*x(31)+8.05339*x(31)-0.013521*x(31)^2+0.00042*x(7)^3+0.00267*x(7)^2*x(31)+0.000281*x(31)^2*x(7)+3.2e-6*x(31)^3)-2.68*x(32)-2.68*x(52);
             (-0.02252*x(9)^2)-0.55878*x(9)-0.29316*x(9)*x(33)+8.05339*x(33)-0.013521*x(33)^2+0.00042*x(9)^3+0.00267*x(9)^2*x(33)+0.000281*x(33)^2*x(9)+3.2e-6*x(33)^3-(-0.02252*x(8)^2-0.55878*x(8)-0.29316*x(8)*x(32)+8.05339*x(32)-0.013521*x(32)^2+0.00042*x(8)^3+0.00267*x(8)^2*x(32)+0.000281*x(32)^2*x(8)+3.2e-6*x(32)^3)-2.68*x(33);
             (-0.02252*x(10)^2)-0.55878*x(10)-0.29316*x(10)*x(34)+8.05339*x(34)-0.013521*x(34)^2+0.00042*x(10)^3+0.00267*x(10)^2*x(34)+0.000281*x(34)^2*x(10)+3.2e-6*x(34)^3-(-0.02252*x(9)^2-0.55878*x(9)-0.29316*x(9)*x(33)+8.05339*x(33)-0.013521*x(33)^2+0.00042*x(9)^3+0.00267*x(9)^2*x(33)+0.000281*x(33)^2*x(9)+3.2e-6*x(33)^3)-2.68*x(34);
             (-0.02252*x(11)^2)-0.55878*x(11)-0.29316*x(11)*x(35)+8.05339*x(35)-0.013521*x(35)^2+0.00042*x(11)^3+0.00267*x(11)^2*x(35)+0.000281*x(35)^2*x(11)+3.2e-6*x(35)^3-(-0.02252*x(10)^2-0.55878*x(10)-0.29316*x(10)*x(34)+8.05339*x(34)-0.013521*x(34)^2+0.00042*x(10)^3+0.00267*x(10)^2*x(34)+0.000281*x(34)^2*x(10)+3.2e-6*x(34)^3)-2.68*x(35);
             (-0.02252*x(12)^2)-0.55878*x(12)-0.29316*x(12)*x(36)+8.05339*x(36)-0.013521*x(36)^2+0.00042*x(12)^3+0.00267*x(12)^2*x(36)+0.000281*x(36)^2*x(12)+3.2e-6*x(36)^3-(-0.02252*x(11)^2-0.55878*x(11)-0.29316*x(11)*x(35)+8.05339*x(35)-0.013521*x(35)^2+0.00042*x(11)^3+0.00267*x(11)^2*x(35)+0.000281*x(35)^2*x(11)+3.2e-6*x(35)^3)-2.68*x(36);
             (-0.4104*x(13)^2)-4.22088*x(13)-0.15082*x(13)*x(37)+1.42061*x(37)-0.00826*x(13)^3+0.000404*x(13)^2*x(37)+0.000168*x(37)^2*x(13)-3.8e-5*x(37)^3-(-0.4104*x(59)^2-4.22088*x(59)-0.15082*x(59)*x(60)+1.42061*x(60)-0.00826*x(59)^3+0.000404*x(59)^2*x(60)+0.000168*x(60)^2*x(59)-3.8e-5*x(60)^3)-2.68*x(37)-2.68*x(25)-x(61);
             (-0.4104*x(14)^2)-4.22088*x(14)-0.15082*x(14)*x(38)+1.42061*x(38)-0.00826*x(14)^3+0.000404*x(14)^2*x(38)+0.000168*x(38)^2*x(14)-3.8e-5*x(38)^3-(-0.4104*x(13)^2-4.22088*x(13)-0.15082*x(13)*x(37)+1.42061*x(37)-0.00826*x(13)^3+0.000404*x(13)^2*x(37)+0.000168*x(37)^2*x(13)-3.8e-5*x(37)^3)-2.68*x(38)-2.68*x(26)-x(61);
             (-0.4104*x(15)^2)-4.22088*x(15)-0.15082*x(15)*x(39)+1.42061*x(39)-0.00826*x(15)^3+0.000404*x(15)^2*x(39)+0.000168*x(39)^2*x(15)-3.8e-5*x(39)^3-(-0.4104*x(14)^2-4.22088*x(14)-0.15082*x(14)*x(38)+1.42061*x(38)-0.00826*x(14)^3+0.000404*x(14)^2*x(38)+0.000168*x(38)^2*x(14)-3.8e-5*x(38)^3)-2.68*x(39)-2.68*x(27)-x(61);
             (-0.4104*x(16)^2)-4.22088*x(16)-0.15082*x(16)*x(40)+1.42061*x(40)-0.00826*x(16)^3+0.000404*x(16)^2*x(40)+0.000168*x(40)^2*x(16)-3.8e-5*x(40)^3-(-0.4104*x(15)^2-4.22088*x(15)-0.15082*x(15)*x(39)+1.42061*x(39)-0.00826*x(15)^3+0.000404*x(15)^2*x(39)+0.000168*x(39)^2*x(15)-3.8e-5*x(39)^3)-2.68*x(40)-2.68*x(28)-x(61);
             (-0.4104*x(17)^2)-4.22088*x(17)-0.15082*x(17)*x(41)+1.42061*x(41)-0.00826*x(17)^3+0.000404*x(17)^2*x(41)+0.000168*x(41)^2*x(17)-3.8e-5*x(41)^3-(-0.4104*x(16)^2-4.22088*x(16)-0.15082*x(16)*x(40)+1.42061*x(40)-0.00826*x(16)^3+0.000404*x(16)^2*x(40)+0.000168*x(40)^2*x(16)-3.8e-5*x(40)^3)-2.68*x(41)-2.68*x(29)-2.68*x(53)-x(61);
             (-0.4104*x(18)^2)-4.22088*x(18)-0.15082*x(18)*x(42)+1.42061*x(42)-0.00826*x(18)^3+0.000404*x(18)^2*x(42)+0.000168*x(42)^2*x(18)-3.8e-5*x(42)^3-(-0.4104*x(17)^2-4.22088*x(17)-0.15082*x(17)*x(41)+1.42061*x(41)-0.00826*x(17)^3+0.000404*x(17)^2*x(41)+0.000168*x(41)^2*x(17)-3.8e-5*x(41)^3)-2.68*x(42)-2.68*x(30)-2.68*x(54)-x(61);
