% This BARON input file was generated by the MATLAB/BARON interface.
% The BARON/MATLAB interface was developed by J. Currie.  The interface
% is provided free of charge and with no warranties from The Optimization
% Firm, http://www.minlp.com.
% Interface version: v1.51 [17-Dec-2013]
% File generated: 31-Jan-2014 00:57:03
% Model: fir_linear

% Objective
fun = @(x)x(11);

% Bounds
lb = [-Inf,-Inf,-Inf,-Inf,-Inf,-Inf,-Inf,-Inf,-Inf,-Inf,-Inf]';
ub = [Inf,Inf,Inf,Inf,Inf,Inf,Inf,Inf,Inf,Inf,Inf]';

% Constraints
nlcon = @(x)[2*x(1)+2*x(2)+2*x(3)+2*x(4)+2*x(5)+2*x(6)+2*x(7)+2*x(8)+2*x(9)+2*x(10)-x(11);
             1.97257120307446*x(1)+1.97803172672383*x(2)+1.98288972274762*x(3)+1.98714371135317*x(4)+1.99079239673436*x(5)+1.99383466746626*x(6)+1.99626959684373*x(7)+1.99809644316372*x(8)+1.99931464995111*x(9)+1.99992384612834*x(10)-x(11);
             1.89103715119863*x(1)+1.91260951192607*x(2)+1.93185165257814*x(3)+1.94874012957047*x(4)+1.96325436689533*x(5)+1.97537668119028*x(6)+1.98509230328264*x(7)+1.99238939618349*x(8)+1.99725906950915*x(9)+1.99969539031278*x(10)-x(11);
             1.75763422532393*x(1)+1.80517056869972*x(2)+1.84775906502257*x(3)+1.88528298218436*x(4)+1.91763946973639*x(5)+1.94473984079535*x(6)+1.96650981512791*x(7)+1.98288972274762*x(8)+1.99383466746626*x(9)+1.99931464995111*x(10)-x(11);
             1.57602150721344*x(1)+1.65807514511008*x(2)+1.73205080756888*x(3)+1.79758809259833*x(4)+1.85436770913357*x(5)+1.90211303259031*x(6)+1.94059145255199*x(7)+1.96961550602442*x(8)+1.98904379073655*x(9)+1.99878165403819*x(10)-x(11);
             1.35118041523132*x(1)+1.47455467362025*x(2)+1.58670668058247*x(3)+1.68678289162577*x(4)+1.77402166635644*x(5)+1.84775906502257*x(6)+1.90743390149645*x(7)+1.95259201423987*x(8)+1.98288972274762*x(9)+1.99809644316372*x(10)-x(11);
             1.08927807003005*x(1)+1.25864078209968*x(2)+1.4142135623731*x(3)+1.55429192291394*x(4)+1.67734113589085*x(5)+1.78201304837674*x(6)+1.8671608529944*x(7)+1.93185165257814*x(8)+1.97537668119028*x(9)+1.99725906950915*x(10)-x(11);
             0.797498137850493*x(1)+1.01507672592141*x(2)+1.21752285801744*x(3)+1.4018185285997*x(4)+1.56521631370483*x(5)+1.70528032870818*x(6)+1.81992254175309*x(7)+1.90743390149645*x(8)+1.96650981512791*x(9)+1.99626959684373*x(10)-x(11);
             0.483843791199335*x(1)+0.749213186831824*x(2)+x(3)+1.23132295065132*x(4)+1.4386796006773*x(5)+1.61803398874989*x(6)+1.76589518571785*x(7)+1.87938524157182*x(8)+1.95629520146761*x(9)+1.99512810051965*x(10)-x(11);
             0.15691819145569*x(1)+0.466890727711811*x(2)+0.76536686473018*x(3)+1.0449971294319*x(4)+1.29889609666037*x(5)+1.52081193120006*x(6)+1.70528032870818*x(7)+1.84775906502257*x(8)+1.94473984079535*x(9)+1.99383466746626*x(10)-x(11);
             -0.174311485495316*x(1)+0.174311485495317*x(2)+0.517638090205041*x(3)+0.845236523481399*x(4)+1.14715287270209*x(5)+1.4142135623731*x(6)+1.63830408857798*x(7)+1.8126155740733*x(8)+1.93185165257814*x(9)+1.99238939618349*x(10)-x(11);
             -0.500760008108883*x(1)-0.122097079069714*x(2)+0.261052384440103*x(3)+0.634609312810185*x(4)+0.984847120206934*x(5)+1.29889609666037*x(6)+1.56521631370483*x(7)+1.77402166635644*x(8)+1.91763946973639*x(9)+1.99079239673436*x(10)-x(11);
             -0.8134732861516*x(1)-0.415823381635518*x(2)+1.22460635382238e-16*x(3)+0.415823381635519*x(4)+0.813473286151601*x(5)+1.17557050458495*x(6)+1.48628965095479*x(7)+1.73205080756888*x(8)+1.90211303259031*x(9)+1.98904379073655*x(10)-x(11);
             -1.10387397062412*x(1)-0.700414762518935*x(2)-0.261052384440103*x(3)+0.191691505040448*x(4)+0.634609312810184*x(5)+1.0449971294319*x(6)+1.4018185285997*x(7)+1.68678289162577*x(8)+1.88528298218436*x(9)+1.98714371135317*x(10)-x(11);
             -1.363996720125*x(1)-0.969619240492674*x(2)-0.517638090205042*x(3)-0.034904812874567*x(4)+0.44990210868773*x(5)+0.907980999479094*x(6)+1.31211805798101*x(7)+1.63830408857798*x(8)+1.8671608529944*x(9)+1.98509230328264*x(10)-x(11);
             -1.58670668058247*x(1)-1.21752285801744*x(2)-0.765366864730179*x(3)-0.261052384440103*x(4)+0.261052384440103*x(5)+0.76536686473018*x(6)+1.21752285801744*x(7)+1.58670668058247*x(8)+1.84775906502257*x(9)+1.98288972274762*x(10)-x(11);
             -1.76589518571785*x(1)-1.4386796006773*x(2)-x(3)-0.483843791199336*x(4)+0.0697989934050022*x(5)+0.618033988749895*x(6)+1.11838580694149*x(7)+1.53208888623796*x(8)+1.8270909152852*x(9)+1.98053613748314*x(10)-x(11);
             -1.8966473104124*x(1)-1.62823103671264*x(2)-1.21752285801744*x(3)-0.700414762518935*x(4)-0.122097079069714*x(5)+0.466890727711811*x(6)+1.01507672592141*x(7)+1.47455467362025*x(8)+1.80517056869972*x(9)+1.97803172672383*x(10)-x(11);
             -1.97537668119028*x(1)-1.78201304837674*x(2)-1.41421356237309*x(3)-0.907980999479093*x(4)-0.312868930080462*x(5)+0.312868930080462*x(6)+0.907980999479094*x(7)+1.4142135623731*x(8)+1.78201304837674*x(9)+1.97537668119028*x(10)-x(11);
             -1.99992384612834*x(1)-1.8966473104124*x(2)-1.58670668058247*x(3)-1.10387397062412*x(4)-0.500760008108882*x(5)+0.15691819145569*x(6)+0.797498137850493*x(7)+1.35118041523132*x(8)+1.75763422532393*x(9)+1.97257120307446*x(10)-x(11);
             -1.96961550602442*x(1)-1.96961550602442*x(2)-1.73205080756888*x(3)-1.28557521937308*x(4)-0.684040286651337*x(5)+1.22460635382238e-16*x(6)+0.684040286651338*x(7)+1.28557521937308*x(8)+1.73205080756888*x(9)+1.96961550602442*x(10)-x(11);
             -1.88528298218436*x(1)-1.99931464995111*x(2)-1.84775906502257*x(3)-1.45074874202458*x(4)-0.861022193616591*x(5)-0.15691819145569*x(6)+0.568030689407845*x(7)+1.21752285801744*x(8)+1.70528032870818*x(9)+1.96650981512791*x(10)-x(11);
             -1.74923941427879*x(1)-1.98509230328264*x(2)-1.93185165257814*x(3)-1.59727102009459*x(4)-1.03007614982011*x(5)-0.312868930080462*x(6)+0.44990210868773*x(7)+1.14715287270209*x(8)+1.67734113589085*x(9)+1.96325436689533*x(10)-x(11);
             -1.56521631370483*x(1)-1.92726090641725*x(2)-1.98288972274762*x(3)-1.72325832088305*x(4)-1.18964557350268*x(5)-0.46689072771181*x(6)+0.330095211721356*x(7)+1.07459921669365*x(8)+1.64825237724403*x(9)+1.95984940924166*x(10)-x(11);
             -1.33826121271772*x(1)-1.8270909152852*x(2)-2*x(3)-1.8270909152852*x(4)-1.33826121271772*x(5)-0.618033988749895*x(6)+0.209056926535307*x(7)+x(8)+1.61803398874989*x(9)+1.95629520146761*x(10)-x(11);
             -1.07459921669365*x(1)-1.68678289162577*x(2)-1.98288972274762*x(3)-1.90743390149645*x(4)-1.47455467362025*x(5)-0.765366864730179*x(6)+0.087238774730672*x(7)+0.923497226470068*x(8)+1.58670668058247*x(9)+1.95259201423987*x(10)-x(11);
             -0.781462256978548*x(1)-1.50941916044554*x(2)-1.93185165257814*x(3)-1.96325436689533*x(4)-1.59727102009459*x(5)-0.907980999479093*x(6)-0.034904812874567*x(7)+0.845236523481399*x(8)+1.55429192291394*x(9)+1.94874012957047*x(10)-x(11);
             -0.46689072771181*x(1)-1.29889609666037*x(2)-1.84775906502257*x(3)-1.99383466746626*x(4)-1.70528032870818*x(5)-1.0449971294319*x(6)-0.15691819145569*x(7)+0.76536686473018*x(8)+1.52081193120006*x(9)+1.94473984079535*x(10)-x(11);
             -0.139512947488251*x(1)-1.05983852846641*x(2)-1.73205080756888*x(3)-1.99878165403819*x(4)-1.79758809259833*x(5)-1.17557050458495*x(6)-0.278346201920131*x(7)+0.684040286651338*x(8)+1.48628965095479*x(9)+1.94059145255199*x(10)-x(11);
             0.191691505040448*x(1)-0.797498137850492*x(2)-1.58670668058247*x(3)-1.97803172672383*x(4)-1.8733443784968*x(5)-1.29889609666037*x(6)-0.398735868834395*x(7)+0.601411599008546*x(8)+1.45074874202458*x(9)+1.93629528075622*x(10)-x(11);
             0.517638090205041*x(1)-0.517638090205043*x(2)-1.4142135623731*x(3)-1.93185165257814*x(4)-1.93185165257814*x(5)-1.41421356237309*x(6)-0.517638090205041*x(7)+0.517638090205042*x(8)+1.4142135623731*x(9)+1.93185165257814*x(10)-x(11);
