% This BARON input file was generated by the MATLAB/BARON interface.
% The BARON/MATLAB interface was developed by J. Currie.  The interface
% is provided free of charge and with no warranties from The Optimization
% Firm, http://www.minlp.com.
% Interface version: v1.51 [17-Dec-2013]
% File generated: 31-Jan-2014 14:45:03
% Model: pt

% Objective
fun = @(x)x(1);

% Bounds
lb = [-Inf,-Inf]';
ub = [Inf,Inf]';

% Constraints
nlcon = @(x)[x(1)+x(2);
             x(1)+0.992016*x(2);
             x(1)+0.984064*x(2);
             x(1)+0.976144*x(2);
             x(1)+0.968256*x(2);
             x(1)+0.9604*x(2);
             x(1)+0.952576*x(2);
             x(1)+0.944784*x(2);
             x(1)+0.937024*x(2);
             x(1)+0.929296*x(2);
             x(1)+0.9216*x(2);
             x(1)+0.913936*x(2);
             x(1)+0.906304*x(2);
             x(1)+0.898704*x(2);
             x(1)+0.891136*x(2);
             x(1)+0.8836*x(2);
             x(1)+0.876096*x(2);
             x(1)+0.868624*x(2);
             x(1)+0.861184*x(2);
             x(1)+0.853776*x(2);
             x(1)+0.8464*x(2);
             x(1)+0.839056*x(2);
             x(1)+0.831744*x(2);
             x(1)+0.824464*x(2);
             x(1)+0.817216*x(2);
             x(1)+0.81*x(2);
             x(1)+0.802816*x(2);
             x(1)+0.795664*x(2);
             x(1)+0.788544*x(2);
             x(1)+0.781456*x(2);
             x(1)+0.7744*x(2);
             x(1)+0.767376*x(2);
             x(1)+0.760384*x(2);
             x(1)+0.753424*x(2);
             x(1)+0.746496*x(2);
             x(1)+0.7396*x(2);
             x(1)+0.732736*x(2);
             x(1)+0.725904*x(2);
             x(1)+0.719104*x(2);
             x(1)+0.712336*x(2);
             x(1)+0.7056*x(2);
             x(1)+0.698896*x(2);
             x(1)+0.692224*x(2);
             x(1)+0.685584*x(2);
             x(1)+0.678976*x(2);
             x(1)+0.6724*x(2);
             x(1)+0.665856*x(2);
             x(1)+0.659344*x(2);
             x(1)+0.652864*x(2);
             x(1)+0.646416*x(2);
             x(1)+0.64*x(2);
             x(1)+0.633616*x(2);
             x(1)+0.627264*x(2);
             x(1)+0.620944*x(2);
             x(1)+0.614656*x(2);
             x(1)+0.6084*x(2);
             x(1)+0.602176*x(2);
             x(1)+0.595984*x(2);
             x(1)+0.589824*x(2);
             x(1)+0.583696*x(2);
             x(1)+0.5776*x(2);
             x(1)+0.571536*x(2);
             x(1)+0.565504*x(2);
             x(1)+0.559504*x(2);
             x(1)+0.553536*x(2);
             x(1)+0.5476*x(2);
             x(1)+0.541696*x(2);
             x(1)+0.535824*x(2);
             x(1)+0.529984*x(2);
             x(1)+0.524176*x(2);
             x(1)+0.5184*x(2);
             x(1)+0.512656*x(2);
             x(1)+0.506944*x(2);
             x(1)+0.501264*x(2);
             x(1)+0.495616*x(2);
             x(1)+0.49*x(2);
             x(1)+0.484416*x(2);
             x(1)+0.478864*x(2);
             x(1)+0.473344*x(2);
             x(1)+0.467856*x(2);
             x(1)+0.4624*x(2);
             x(1)+0.456976*x(2);
             x(1)+0.451584*x(2);
             x(1)+0.446224*x(2);
             x(1)+0.440896*x(2);
             x(1)+0.4356*x(2);
             x(1)+0.430336*x(2);
             x(1)+0.425104*x(2);
             x(1)+0.419904*x(2);
             x(1)+0.414736*x(2);
             x(1)+0.4096*x(2);
             x(1)+0.404496*x(2);
             x(1)+0.399424*x(2);
             x(1)+0.394384*x(2);
             x(1)+0.389376*x(2);
             x(1)+0.3844*x(2);
             x(1)+0.379456*x(2);
             x(1)+0.374544*x(2);
             x(1)+0.369664*x(2);
             x(1)+0.364816*x(2);
             x(1)+0.36*x(2);
             x(1)+0.355216*x(2);
             x(1)+0.350464*x(2);
             x(1)+0.345744*x(2);
             x(1)+0.341056*x(2);
             x(1)+0.3364*x(2);
             x(1)+0.331776*x(2);
             x(1)+0.327184*x(2);
             x(1)+0.322624*x(2);
             x(1)+0.318096*x(2);
             x(1)+0.3136*x(2);
             x(1)+0.309136*x(2);
             x(1)+0.304704*x(2);
             x(1)+0.300304*x(2);
             x(1)+0.295936*x(2);
             x(1)+0.2916*x(2);
             x(1)+0.287296*x(2);
             x(1)+0.283024*x(2);
             x(1)+0.278784*x(2);
             x(1)+0.274576*x(2);
             x(1)+0.2704*x(2);
             x(1)+0.266256*x(2);
             x(1)+0.262144*x(2);
             x(1)+0.258064*x(2);
             x(1)+0.254016*x(2);
             x(1)+0.25*x(2);
             x(1)+0.246016*x(2);
             x(1)+0.242064*x(2);
             x(1)+0.238144*x(2);
             x(1)+0.234256*x(2);
             x(1)+0.2304*x(2);
             x(1)+0.226576*x(2);
             x(1)+0.222784*x(2);
             x(1)+0.219024*x(2);
             x(1)+0.215296*x(2);
             x(1)+0.2116*x(2);
             x(1)+0.207936*x(2);
             x(1)+0.204304*x(2);
             x(1)+0.200704*x(2);
             x(1)+0.197136*x(2);
             x(1)+0.1936*x(2);
             x(1)+0.190096*x(2);
             x(1)+0.186624*x(2);
             x(1)+0.183184*x(2);
             x(1)+0.179776*x(2);
             x(1)+0.1764*x(2);
             x(1)+0.173056*x(2);
             x(1)+0.169744*x(2);
             x(1)+0.166464*x(2);
             x(1)+0.163216*x(2);
             x(1)+0.16*x(2);
             x(1)+0.156816*x(2);
             x(1)+0.153664*x(2);
             x(1)+0.150544*x(2);
             x(1)+0.147456*x(2);
             x(1)+0.1444*x(2);
             x(1)+0.141376*x(2);
             x(1)+0.138384*x(2);
             x(1)+0.135424*x(2);
             x(1)+0.132496*x(2);
             x(1)+0.1296*x(2);
             x(1)+0.126736*x(2);
             x(1)+0.123904*x(2);
             x(1)+0.121104*x(2);
             x(1)+0.118336*x(2);
             x(1)+0.1156*x(2);
             x(1)+0.112896*x(2);
             x(1)+0.110224*x(2);
             x(1)+0.107584*x(2);
             x(1)+0.104976*x(2);
             x(1)+0.1024*x(2);
             x(1)+0.099856*x(2);
             x(1)+0.097344*x(2);
             x(1)+0.094864*x(2);
             x(1)+0.092416*x(2);
             x(1)+0.09*x(2);
             x(1)+0.087616*x(2);
             x(1)+0.0852640000000001*x(2);
             x(1)+0.082944*x(2);
             x(1)+0.0806560000000001*x(2);
             x(1)+0.0784*x(2);
             x(1)+0.0761760000000001*x(2);
             x(1)+0.073984*x(2);
             x(1)+0.0718240000000001*x(2);
             x(1)+0.069696*x(2);
             x(1)+0.0676000000000001*x(2);
             x(1)+0.0655359999999999*x(2);
             x(1)+0.0635040000000001*x(2);
             x(1)+0.0615039999999999*x(2);
             x(1)+0.0595360000000001*x(2);
             x(1)+0.0575999999999999*x(2);
             x(1)+0.055696*x(2);
             x(1)+0.0538239999999999*x(2);
             x(1)+0.051984*x(2);
             x(1)+0.0501759999999999*x(2);
             x(1)+0.0484*x(2);
             x(1)+0.0466559999999999*x(2);
             x(1)+0.044944*x(2);
             x(1)+0.0432639999999999*x(2);
             x(1)+0.041616*x(2);
             x(1)+0.0399999999999999*x(2);
             x(1)+0.038416*x(2);
             x(1)+0.0368639999999999*x(2);
             x(1)+0.035344*x(2);
             x(1)+0.0338559999999999*x(2);
             x(1)+0.0324*x(2);
             x(1)+0.0309759999999999*x(2);
             x(1)+0.029584*x(2);
             x(1)+0.0282239999999999*x(2);
             x(1)+0.026896*x(2);
             x(1)+0.0256*x(2);
             x(1)+0.024336*x(2);
             x(1)+0.023104*x(2);
             x(1)+0.021904*x(2);
             x(1)+0.020736*x(2);
             x(1)+0.0196*x(2);
             x(1)+0.018496*x(2);
             x(1)+0.017424*x(2);
             x(1)+0.016384*x(2);
             x(1)+0.015376*x(2);
             x(1)+0.0144*x(2);
             x(1)+0.013456*x(2);
             x(1)+0.012544*x(2);
             x(1)+0.011664*x(2);
             x(1)+0.010816*x(2);
             x(1)+0.00999999999999997*x(2);
