% This BARON input file was generated by the MATLAB/BARON interface.
% The BARON/MATLAB interface was developed by J. Currie.  The interface
% is provided free of charge and with no warranties from The Optimization
% Firm, http://www.minlp.com.
% Interface version: v1.51 [17-Dec-2013]
% File generated: 30-Jan-2014 20:53:52
% Model: core2

% Objective
fun = @(x)x(1)+x(2)+x(3)+x(4)+x(5);

% Bounds
lb = [2.33333,4.92222,13.1333,9.55556,6.06667,0,1600,0,1600,1600,1600,0,1600,1600,0,1600,0,1600,1600,0,1600,1600,1600,0,1600,1600,1600,1600,0,1600,1600,0,1600,0,1600,1600,0,1600,0,1600,1600,0,1600,1600,1600,1600,1600,1600,1600,1600,1600,1600,1600,-361.167,-361.167,-361.167,-361.167,-361.167,-361.167,-361.167,-361.167,-361.167,-361.167,-361.167,-361.167,-361.167,-361.167,-361.167,-361.167,-361.167,-361.167,-361.167,-361.167,-361.167,-361.167,-361.167,-361.167,-361.167,-361.167,-361.167,-361.167,-361.167,-361.167,-361.167,-361.167,-361.167,-361.167,-361.167,-361.167,-361.167,-361.167,-361.167,-361.167,-361.167,-361.167,-361.167,-361.167,-361.167,-361.167,-361.167,-361.167,-361.167,-361.167,-361.167,-361.167,-361.167,-361.167,-361.167,-361.167,-361.167,-361.167,-361.167,-361.167,0,0,0,0,0,0,0,-Inf,-Inf,-Inf,-Inf,-Inf,-Inf,-Inf,-Inf,-Inf,-Inf,-Inf,-Inf,-Inf,-Inf,-Inf,-Inf,-Inf,-Inf,-Inf,-Inf,-Inf,-Inf,-Inf,-Inf,-Inf,-Inf,-Inf,-Inf,-Inf,-Inf,-Inf,-Inf,-Inf,-Inf,-Inf,-Inf,-Inf]';
ub = [6.41667,13.5361,36.1167,26.2778,16.6833,6400,6400,6400,6400,6400,6400,6400,6400,6400,6400,6400,6400,6400,6400,6400,6400,6400,6400,6400,6400,4489,6400,6400,6400,6400,6400,6400,6400,6400,6400,6400,6400,6400,6400,6400,6400,4489,6400,6400,6400,6400,6400,6400,4489,6400,6400,6400,6400,361.167,361.167,361.167,361.167,361.167,361.167,361.167,361.167,361.167,361.167,361.167,361.167,361.167,361.167,361.167,361.167,361.167,361.167,361.167,361.167,361.167,361.167,361.167,361.167,361.167,361.167,361.167,361.167,361.167,361.167,361.167,361.167,361.167,361.167,361.167,361.167,361.167,361.167,361.167,361.167,361.167,361.167,361.167,361.167,361.167,361.167,361.167,361.167,361.167,361.167,361.167,361.167,361.167,361.167,361.167,361.167,361.167,361.167,361.167,361.167,Inf,Inf,Inf,4.8,24.5,13.2,Inf,Inf,Inf,Inf,Inf,Inf,Inf,Inf,Inf,Inf,Inf,Inf,Inf,Inf,Inf,Inf,Inf,Inf,Inf,Inf,Inf,Inf,Inf,Inf,Inf,Inf,Inf,Inf,Inf,Inf,Inf,Inf,Inf,Inf,Inf,Inf,Inf,Inf]';

% Constraints
nlcon = @(x)[x(54)-x(69)-x(109);
             -x(54)+x(127);
             x(55)+x(108)-x(117);
             -x(55)+x(125);
             x(56)+x(126);
             -x(56)+x(57)+x(128);
             -x(57)-x(88)+x(89)-x(100)+x(101);
             x(58)+x(62)-x(118)+x(141);
             -x(58)+x(59)+x(142);
             -x(59)+x(60)-x(61);
             -x(60)+x(129);
             x(61)-x(63)+x(64);
             -x(62)+x(63)+x(143);
             -x(64)+x(65)+x(144);
             -x(65)-x(68)+x(69);
             x(66)-x(89)-x(101)-x(107)+x(130);
             -x(66)+x(67)+x(145);
             -x(67)+x(68)+x(146);
             x(70)+x(80)+x(93);
             -x(70)+x(71)+x(147);
             -x(71)+x(72)-x(114)+x(148);
             -x(72)+x(150)+x(151);
             x(73)-x(119)+x(156)+x(157);
             -x(73)+x(74)-x(86)-x(99);
             -x(74)+x(75)+x(153);
             -x(75)+x(76)+x(154);
             -x(76)-x(77)+x(87);
             x(77)-x(78)+x(79)+x(92)+x(139);
             x(78)-x(105)+x(106);
             -x(79)-x(83)+x(84)-x(92)-x(96)+x(97)+x(138);
             -x(80)+x(81)-x(93)+x(94)+x(149);
             -x(81)+x(82)-x(94)+x(95);
             -x(82)+x(83)-x(95)+x(96)+x(152);
             -x(84)+x(85)-x(87)-x(97)+x(98);
             -x(85)+x(86)-x(98)+x(99)+x(155);
             x(88)-x(91)+x(100)+x(131);
             x(90)+x(102)-x(120);
             -x(90)+x(91)+x(122);
             -x(102)+x(103)+x(134);
             -x(103)-x(104)+x(105)+x(135);
             x(104)-x(116)+x(137);
             -x(106)+x(107)+x(132);
             -x(108)+x(109)+x(140);
             x(110)+x(112)-x(115)+x(121);
             -x(110)+x(111)+x(123);
             -x(111)+x(124);
             -x(112)+x(113)+x(133);
             -x(113)+x(136);
             (x(54)^2)^0.5*x(54)-0.697133*x(6)+0.697133*x(7);
             (x(55)^2)^0.5*x(55)-0.00265927*x(8)+0.00265927*x(9);
             (x(56)^2)^0.5*x(56)-0.172371*x(10)+0.172371*x(11);
             (x(57)^2)^0.5*x(57)-0.258556*x(11)+0.258556*x(12);
             (x(58)^2)^0.5*x(58)-0.19002*x(13)+0.19002*x(14);
             (x(59)^2)^0.5*x(59)-4.18044*x(14)+4.18044*x(15);
             (x(60)^2)^0.5*x(60)-0.321572*x(15)+0.321572*x(16);
             (x(61)^2)^0.5*x(61)+0.0432263*x(15)-0.0432263*x(17);
             (x(62)^2)^0.5*x(62)-0.00611442*x(13)+0.00611442*x(18);
             (x(63)^2)^0.5*x(63)+0.0116174*x(17)-0.0116174*x(18);
             (x(64)^2)^0.5*x(64)-0.259358*x(17)+0.259358*x(19);
             (x(65)^2)^0.5*x(65)-0.259358*x(19)+0.259358*x(20);
             (x(66)^2)^0.5*x(66)-0.0285181*x(21)+0.0285181*x(22);
             (x(67)^2)^0.5*x(67)-0.0399253*x(22)+0.0399253*x(23);
             (x(68)^2)^0.5*x(68)+0.0285181*x(20)-0.0285181*x(23);
             (x(69)^2)^0.5*x(69)+0.0181479*x(6)-0.0181479*x(20);
             (x(70)^2)^0.5*x(70)-0.0864525*x(24)+0.0864525*x(25);
             (x(71)^2)^0.5*x(71)-0.0741022*x(25)+0.0741022*x(26);
             (x(72)^2)^0.5*x(72)-0.19002*x(26)+0.19002*x(27);
             (x(73)^2)^0.5*x(73)-0.023578*x(28)+0.023578*x(29);
             (x(74)^2)^0.5*x(74)-4.18044*x(29)+4.18044*x(30);
             (x(75)^2)^0.5*x(75)-0.522555*x(30)+0.522555*x(31);
             (x(76)^2)^0.5*x(76)-1.39348*x(31)+1.39348*x(32);
             (x(77)^2)^0.5*x(77)+0.696739*x(32)-0.696739*x(33);
             (x(78)^2)^0.5*x(78)+0.418044*x(33)-0.418044*x(34);
             (x(79)^2)^0.5*x(79)-0.000633373*x(33)+0.000633373*x(35);
             (x(80)^2)^0.5*x(80)-0.0332711*x(24)+0.0332711*x(36);
             (x(81)^2)^0.5*x(81)-0.0998133*x(36)+0.0998133*x(37);
             (x(82)^2)^0.5*x(82)-0.0332711*x(37)+0.0332711*x(38);
             (x(83)^2)^0.5*x(83)+0.0332711*x(35)-0.0332711*x(38);
             (x(84)^2)^0.5*x(84)-0.00954957*x(35)+0.00954957*x(39);
             (x(85)^2)^0.5*x(85)-0.066847*x(39)+0.066847*x(40);
             (x(86)^2)^0.5*x(86)+0.006077*x(29)-0.006077*x(40);
             (x(87)^2)^0.5*x(87)-0.41024*x(32)+0.41024*x(39);
             (x(88)^2)^0.5*x(88)+0.0998133*x(12)-0.0998133*x(41);
             (x(89)^2)^0.5*x(89)-0.0499067*x(12)+0.0499067*x(21);
             (x(90)^2)^0.5*x(90)-0.34837*x(42)+0.34837*x(43);
             (x(91)^2)^0.5*x(91)+0.696739*x(41)-0.696739*x(43);
             (x(92)^2)^0.5*x(92)-0.0199627*x(33)+0.0199627*x(35);
             (x(93)^2)^0.5*x(93)-0.0193623*x(24)+0.0193623*x(36);
             (x(94)^2)^0.5*x(94)-0.058087*x(36)+0.058087*x(37);
             (x(95)^2)^0.5*x(95)-0.0193623*x(37)+0.0193623*x(38);
             (x(96)^2)^0.5*x(96)+0.0193623*x(35)-0.0193623*x(38);
             (x(97)^2)^0.5*x(97)-0.00954957*x(35)+0.00954957*x(39);
             (x(98)^2)^0.5*x(98)-0.066847*x(39)+0.066847*x(40);
             (x(99)^2)^0.5*x(99)+0.006077*x(29)-0.006077*x(40);
             (x(100)^2)^0.5*x(100)+2.09022*x(12)-2.09022*x(41);
             (x(101)^2)^0.5*x(101)-0.696739*x(12)+0.696739*x(21);
             (x(102)^2)^0.5*x(102)-0.0143027*x(42)+0.0143027*x(44);
             (x(103)^2)^0.5*x(103)-0.109654*x(44)+0.109654*x(45);
             (x(104)^2)^0.5*x(104)+0.522555*x(45)-0.522555*x(46);
             (x(105)^2)^0.5*x(105)+0.321572*x(34)-0.321572*x(45);
             (x(106)^2)^0.5*x(106)-0.164096*x(34)+0.164096*x(47);
             (x(107)^2)^0.5*x(107)+0.136747*x(21)-0.136747*x(47);
             (x(108)^2)^0.5*x(108)-0.0399253*x(8)+0.0399253*x(48);
             (x(109)^2)^0.5*x(109)+0.0285181*x(6)-0.0285181*x(48);
             (x(110)^2)^0.5*x(110)-0.182329*x(49)+0.182329*x(50);
             (x(111)^2)^0.5*x(111)-0.182329*x(50)+0.182329*x(51);
             (x(112)^2)^0.5*x(112)-0.0332711*x(49)+0.0332711*x(52);
