% This BARON input file was generated by the MATLAB/BARON interface.
% The BARON/MATLAB interface was developed by J. Currie.  The interface
% is provided free of charge and with no warranties from The Optimization
% Firm, http://www.minlp.com.
% Interface version: v1.51 [17-Dec-2013]
% File generated: 31-Jan-2014 13:52:49
% Model: oet1

% Objective
fun = @(x)x(1);

% Bounds
lb = [-Inf,-Inf,-Inf]';
ub = [Inf,Inf,Inf]';

% Constraints
nlcon = @(x)[x(1)-0.004*x(2)-1.00400801067734*x(3);
             x(1)-0.008*x(2)-1.00803208550427*x(3);
             x(1)-0.012*x(2)-1.01207228886608*x(3);
             x(1)-0.016*x(2)-1.01612868540609*x(3);
             x(1)-0.02*x(2)-1.02020134002676*x(3);
             x(1)-0.024*x(2)-1.02429031789062*x(3);
             x(1)-0.028*x(2)-1.02839568442143*x(3);
             x(1)-0.032*x(2)-1.03251750530512*x(3);
             x(1)-0.036*x(2)-1.03665584649092*x(3);
             x(1)-0.04*x(2)-1.04081077419239*x(3);
             x(1)-0.044*x(2)-1.04498235488844*x(3);
             x(1)-0.048*x(2)-1.04917065532447*x(3);
             x(1)-0.052*x(2)-1.05337574251336*x(3);
             x(1)-0.056*x(2)-1.05759768373661*x(3);
             x(1)-0.06*x(2)-1.06183654654536*x(3);
             x(1)-0.064*x(2)-1.06609239876151*x(3);
             x(1)-0.068*x(2)-1.07036530847877*x(3);
             x(1)-0.072*x(2)-1.07465534406381*x(3);
             x(1)-0.076*x(2)-1.07896257415728*x(3);
             x(1)-0.08*x(2)-1.08328706767496*x(3);
             x(1)-0.084*x(2)-1.08762889380883*x(3);
             x(1)-0.088*x(2)-1.0919881220282*x(3);
             x(1)-0.092*x(2)-1.09636482208082*x(3);
             x(1)-0.096*x(2)-1.10075906399398*x(3);
             x(1)-0.1*x(2)-1.10517091807565*x(3);
             x(1)-0.104*x(2)-1.10960045491558*x(3);
             x(1)-0.108*x(2)-1.11404774538647*x(3);
             x(1)-0.112*x(2)-1.11851286064505*x(3);
             x(1)-0.116*x(2)-1.12299587213325*x(3);
             x(1)-0.12*x(2)-1.12749685157938*x(3);
             x(1)-0.124*x(2)-1.13201587099918*x(3);
             x(1)-0.128*x(2)-1.13655300269706*x(3);
             x(1)-0.132*x(2)-1.14110831926724*x(3);
             x(1)-0.136*x(2)-1.14568189359486*x(3);
             x(1)-0.14*x(2)-1.15027379885723*x(3);
             x(1)-0.144*x(2)-1.15488410852491*x(3);
             x(1)-0.148*x(2)-1.15951289636297*x(3);
             x(1)-0.152*x(2)-1.16416023643211*x(3);
             x(1)-0.156*x(2)-1.16882620308987*x(3);
             x(1)-0.16*x(2)-1.17351087099181*x(3);
             x(1)-0.164*x(2)-1.17821431509272*x(3);
             x(1)-0.168*x(2)-1.18293661064781*x(3);
             x(1)-0.172*x(2)-1.18767783321391*x(3);
             x(1)-0.176*x(2)-1.19243805865067*x(3);
             x(1)-0.18*x(2)-1.19721736312181*x(3);
             x(1)-0.184*x(2)-1.2020158230963*x(3);
             x(1)-0.188*x(2)-1.20683351534961*x(3);
             x(1)-0.192*x(2)-1.2116705169649*x(3);
             x(1)-0.196*x(2)-1.21652690533432*x(3);
             x(1)-0.2*x(2)-1.22140275816017*x(3);
             x(1)-0.204*x(2)-1.22629815345621*x(3);
             x(1)-0.208*x(2)-1.23121316954887*x(3);
             x(1)-0.212*x(2)-1.2361478850785*x(3);
             x(1)-0.216*x(2)-1.24110237900067*x(3);
             x(1)-0.22*x(2)-1.24607673058738*x(3);
             x(1)-0.224*x(2)-1.25107101942836*x(3);
             x(1)-0.228*x(2)-1.25608532543234*x(3);
             x(1)-0.232*x(2)-1.26111972882833*x(3);
             x(1)-0.236*x(2)-1.26617431016688*x(3);
             x(1)-0.24*x(2)-1.2712491503214*x(3);
             x(1)-0.244*x(2)-1.27634433048945*x(3);
             x(1)-0.248*x(2)-1.28145993219402*x(3);
             x(1)-0.252*x(2)-1.28659603728484*x(3);
             x(1)-0.256*x(2)-1.2917527279397*x(3);
             x(1)-0.26*x(2)-1.29693008666577*x(3);
             x(1)-0.264*x(2)-1.30212819630089*x(3);
             x(1)-0.268*x(2)-1.30734714001494*x(3);
             x(1)-0.272*x(2)-1.31258700131111*x(3);
             x(1)-0.276*x(2)-1.3178478640273*x(3);
             x(1)-0.28*x(2)-1.32312981233744*x(3);
             x(1)-0.284*x(2)-1.32843293075279*x(3);
             x(1)-0.288*x(2)-1.33375730412338*x(3);
             x(1)-0.292*x(2)-1.33910301763929*x(3);
             x(1)-0.296*x(2)-1.34447015683205*x(3);
             x(1)-0.3*x(2)-1.349858807576*x(3);
             x(1)-0.304*x(2)-1.35526905608967*x(3);
             x(1)-0.308*x(2)-1.36070098893715*x(3);
             x(1)-0.312*x(2)-1.36615469302948*x(3);
             x(1)-0.316*x(2)-1.37163025562604*x(3);
             x(1)-0.32*x(2)-1.37712776433596*x(3);
             x(1)-0.324*x(2)-1.38264730711948*x(3);
             x(1)-0.328*x(2)-1.38818897228941*x(3);
             x(1)-0.332*x(2)-1.39375284851252*x(3);
             x(1)-0.336*x(2)-1.39933902481093*x(3);
             x(1)-0.34*x(2)-1.40494759056359*x(3);
             x(1)-0.344*x(2)-1.41057863550768*x(3);
             x(1)-0.348*x(2)-1.41623224974002*x(3);
             x(1)-0.352*x(2)-1.42190852371858*x(3);
             x(1)-0.356*x(2)-1.42760754826384*x(3);
             x(1)-0.36*x(2)-1.43332941456034*x(3);
             x(1)-0.364*x(2)-1.43907421415805*x(3);
             x(1)-0.368*x(2)-1.44484203897388*x(3);
             x(1)-0.372*x(2)-1.45063298129316*x(3);
             x(1)-0.376*x(2)-1.45644713377109*x(3);
             x(1)-0.38*x(2)-1.46228458943422*x(3);
             x(1)-0.384*x(2)-1.46814544168199*x(3);
             x(1)-0.388*x(2)-1.47402978428814*x(3);
             x(1)-0.392*x(2)-1.47993771140229*x(3);
             x(1)-0.396*x(2)-1.48586931755139*x(3);
             x(1)-0.4*x(2)-1.49182469764127*x(3);
             x(1)-0.404*x(2)-1.49780394695814*x(3);
             x(1)-0.408*x(2)-1.50380716117011*x(3);
             x(1)-0.412*x(2)-1.50983443632874*x(3);
             x(1)-0.416*x(2)-1.51588586887057*x(3);
             x(1)-0.42*x(2)-1.52196155561863*x(3);
             x(1)-0.424*x(2)-1.52806159378406*x(3);
             x(1)-0.428*x(2)-1.53418608096758*x(3);
             x(1)-0.432*x(2)-1.54033511516113*x(3);
             x(1)-0.436*x(2)-1.54650879474938*x(3);
             x(1)-0.44*x(2)-1.55270721851134*x(3);
             x(1)-0.444*x(2)-1.55893048562192*x(3);
             x(1)-0.448*x(2)-1.56517869565352*x(3);
             x(1)-0.452*x(2)-1.57145194857765*x(3);
             x(1)-0.456*x(2)-1.57775034476648*x(3);
             x(1)-0.46*x(2)-1.58407398499448*x(3);
             x(1)-0.464*x(2)-1.59042297044004*x(3);
             x(1)-0.468*x(2)-1.59679740268705*x(3);
             x(1)-0.472*x(2)-1.60319738372657*x(3);
             x(1)-0.476*x(2)-1.60962301595844*x(3);
             x(1)-0.48*x(2)-1.61607440219289*x(3);
             x(1)-0.484*x(2)-1.62255164565226*x(3);
             x(1)-0.488*x(2)-1.62905484997257*x(3);
             x(1)-0.492*x(2)-1.63558411920524*x(3);
             x(1)-0.496*x(2)-1.64213955781871*x(3);
             x(1)-0.5*x(2)-1.64872127070013*x(3);
             x(1)-0.504*x(2)-1.65532936315705*x(3);
             x(1)-0.508*x(2)-1.66196394091911*x(3);
             x(1)-0.512*x(2)-1.66862511013967*x(3);
             x(1)-0.516*x(2)-1.67531297739759*x(3);
             x(1)-0.52*x(2)-1.68202764969889*x(3);
             x(1)-0.524*x(2)-1.68876923447846*x(3);
             x(1)-0.528*x(2)-1.69553783960182*x(3);
             x(1)-0.532*x(2)-1.70233357336678*x(3);
             x(1)-0.536*x(2)-1.70915654450523*x(3);
             x(1)-0.54*x(2)-1.71600686218486*x(3);
             x(1)-0.544*x(2)-1.72288463601089*x(3);
             x(1)-0.548*x(2)-1.72978997602785*x(3);
             x(1)-0.552*x(2)-1.73672299272133*x(3);
             x(1)-0.556*x(2)-1.74368379701974*x(3);
             x(1)-0.56*x(2)-1.7506725002961*x(3);
             x(1)-0.564*x(2)-1.75768921436982*x(3);
             x(1)-0.568*x(2)-1.76473405150846*x(3);
             x(1)-0.572*x(2)-1.77180712442957*x(3);
             x(1)-0.576*x(2)-1.77890854630248*x(3);
             x(1)-0.58*x(2)-1.78603843075007*x(3);
             x(1)-0.584*x(2)-1.79319689185066*x(3);
