% This BARON input file was generated by the MATLAB/BARON interface.
% The BARON/MATLAB interface was developed by J. Currie.  The interface
% is provided free of charge and with no warranties from The Optimization
% Firm, http://www.minlp.com.
% Interface version: v1.51 [17-Dec-2013]
% File generated: 31-Jan-2014 14:33:21
% Model: polak3

% Objective
fun = @(x)x(12);

% Bounds
lb = [-1,-1,-1,-1,-1,-1,-1,-1,-1,-1,-1,-1]';
ub = [1000,1000,1000,1000,1000,1000,1000,1000,1000,1000,1000,1000]';

% Constraints
nlcon = @(x)[-(exp((-0.909297426825682+x(1))*(-0.909297426825682+x(1)))+0.5*exp((0.756802495307928+x(2))*(0.756802495307928+x(2)))+0.333333333333333*exp((0.279415498198926+x(3))*(0.279415498198926+x(3)))+0.25*exp((-0.989358246623382+x(4))*(-0.989358246623382+x(4)))+0.2*exp((0.54402111088937+x(5))*(0.54402111088937+x(5)))+0.166666666666667*exp((0.536572918000435+x(6))*(0.536572918000435+x(6)))+0.142857142857143*exp((-0.99060735569487+x(7))*(-0.99060735569487+x(7)))+0.125*exp((0.287903316665065+x(8))*(0.287903316665065+x(8)))+0.111111111111111*exp((0.750987246771676+x(9))*(0.750987246771676+x(9)))+0.1*exp((-0.912945250727628+x(10))*(-0.912945250727628+x(10)))+0.0909090909090909*exp((0.00885130929040388+x(11))*(0.00885130929040388+x(11))))+x(12);
             -(exp((-0.141120008059867+x(1))*(-0.141120008059867+x(1)))+0.5*exp((0.958924274663138+x(2))*(0.958924274663138+x(2)))+0.333333333333333*exp((-0.656986598718789+x(3))*(-0.656986598718789+x(3)))+0.25*exp((-0.412118485241757+x(4))*(-0.412118485241757+x(4)))+0.2*exp((0.999990206550703+x(5))*(0.999990206550703+x(5)))+0.166666666666667*exp((-0.420167036826641+x(6))*(-0.420167036826641+x(6)))+0.142857142857143*exp((-0.650287840157117+x(7))*(-0.650287840157117+x(7)))+0.125*exp((0.961397491879557+x(8))*(0.961397491879557+x(8)))+0.111111111111111*exp((-0.149877209662952+x(9))*(-0.149877209662952+x(9)))+0.1*exp((-0.836655638536056+x(10))*(-0.836655638536056+x(10)))+0.0909090909090909*exp((0.846220404175171+x(11))*(0.846220404175171+x(11))))+x(12);
             -(exp((0.756802495307928+x(1))*(0.756802495307928+x(1)))+0.5*exp((0.279415498198926+x(2))*(0.279415498198926+x(2)))+0.333333333333333*exp((-0.989358246623382+x(3))*(-0.989358246623382+x(3)))+0.25*exp((0.54402111088937+x(4))*(0.54402111088937+x(4)))+0.2*exp((0.536572918000435+x(5))*(0.536572918000435+x(5)))+0.166666666666667*exp((-0.99060735569487+x(6))*(-0.99060735569487+x(6)))+0.142857142857143*exp((0.287903316665065+x(7))*(0.287903316665065+x(7)))+0.125*exp((0.750987246771676+x(8))*(0.750987246771676+x(8)))+0.111111111111111*exp((-0.912945250727628+x(9))*(-0.912945250727628+x(9)))+0.1*exp((0.00885130929040388+x(10))*(0.00885130929040388+x(10)))+0.0909090909090909*exp((0.905578362006624+x(11))*(0.905578362006624+x(11))))+x(12);
             -(exp((0.958924274663138+x(1))*(0.958924274663138+x(1)))+0.5*exp((-0.656986598718789+x(2))*(-0.656986598718789+x(2)))+0.333333333333333*exp((-0.412118485241757+x(3))*(-0.412118485241757+x(3)))+0.25*exp((0.999990206550703+x(4))*(0.999990206550703+x(4)))+0.2*exp((-0.420167036826641+x(5))*(-0.420167036826641+x(5)))+0.166666666666667*exp((-0.650287840157117+x(6))*(-0.650287840157117+x(6)))+0.142857142857143*exp((0.961397491879557+x(7))*(0.961397491879557+x(7)))+0.125*exp((-0.149877209662952+x(8))*(-0.149877209662952+x(8)))+0.111111111111111*exp((-0.836655638536056+x(9))*(-0.836655638536056+x(9)))+0.1*exp((0.846220404175171+x(10))*(0.846220404175171+x(10)))+0.0909090909090909*exp((0.132351750097773+x(11))*(0.132351750097773+x(11))))+x(12);
             -(exp((0.279415498198926+x(1))*(0.279415498198926+x(1)))+0.5*exp((-0.989358246623382+x(2))*(-0.989358246623382+x(2)))+0.333333333333333*exp((0.54402111088937+x(3))*(0.54402111088937+x(3)))+0.25*exp((0.536572918000435+x(4))*(0.536572918000435+x(4)))+0.2*exp((-0.99060735569487+x(5))*(-0.99060735569487+x(5)))+0.166666666666667*exp((0.287903316665065+x(6))*(0.287903316665065+x(6)))+0.142857142857143*exp((0.750987246771676+x(7))*(0.750987246771676+x(7)))+0.125*exp((-0.912945250727628+x(8))*(-0.912945250727628+x(8)))+0.111111111111111*exp((0.00885130929040388+x(9))*(0.00885130929040388+x(9)))+0.1*exp((0.905578362006624+x(10))*(0.905578362006624+x(10)))+0.0909090909090909*exp((-0.762558450479603+x(11))*(-0.762558450479603+x(11))))+x(12);
             -(exp((-0.656986598718789+x(1))*(-0.656986598718789+x(1)))+0.5*exp((-0.412118485241757+x(2))*(-0.412118485241757+x(2)))+0.333333333333333*exp((0.999990206550703+x(3))*(0.999990206550703+x(3)))+0.25*exp((-0.420167036826641+x(4))*(-0.420167036826641+x(4)))+0.2*exp((-0.650287840157117+x(5))*(-0.650287840157117+x(5)))+0.166666666666667*exp((0.961397491879557+x(6))*(0.961397491879557+x(6)))+0.142857142857143*exp((-0.149877209662952+x(7))*(-0.149877209662952+x(7)))+0.125*exp((-0.836655638536056+x(8))*(-0.836655638536056+x(8)))+0.111111111111111*exp((0.846220404175171+x(9))*(0.846220404175171+x(9)))+0.1*exp((0.132351750097773+x(10))*(0.132351750097773+x(10)))+0.0909090909090909*exp((-0.956375928404503+x(11))*(-0.956375928404503+x(11))))+x(12);
             -(exp((-0.989358246623382+x(1))*(-0.989358246623382+x(1)))+0.5*exp((0.54402111088937+x(2))*(0.54402111088937+x(2)))+0.333333333333333*exp((0.536572918000435+x(3))*(0.536572918000435+x(3)))+0.25*exp((-0.99060735569487+x(4))*(-0.99060735569487+x(4)))+0.2*exp((0.287903316665065+x(5))*(0.287903316665065+x(5)))+0.166666666666667*exp((0.750987246771676+x(6))*(0.750987246771676+x(6)))+0.142857142857143*exp((-0.912945250727628+x(7))*(-0.912945250727628+x(7)))+0.125*exp((0.00885130929040388+x(8))*(0.00885130929040388+x(8)))+0.111111111111111*exp((0.905578362006624+x(9))*(0.905578362006624+x(9)))+0.1*exp((-0.762558450479603+x(10))*(-0.762558450479603+x(10)))+0.0909090909090909*exp((-0.270905788307869+x(11))*(-0.270905788307869+x(11))))+x(12);
             -(exp((-0.412118485241757+x(1))*(-0.412118485241757+x(1)))+0.5*exp((0.999990206550703+x(2))*(0.999990206550703+x(2)))+0.333333333333333*exp((-0.420167036826641+x(3))*(-0.420167036826641+x(3)))+0.25*exp((-0.650287840157117+x(4))*(-0.650287840157117+x(4)))+0.2*exp((0.961397491879557+x(5))*(0.961397491879557+x(5)))+0.166666666666667*exp((-0.149877209662952+x(6))*(-0.149877209662952+x(6)))+0.142857142857143*exp((-0.836655638536056+x(7))*(-0.836655638536056+x(7)))+0.125*exp((0.846220404175171+x(8))*(0.846220404175171+x(8)))+0.111111111111111*exp((0.132351750097773+x(9))*(0.132351750097773+x(9)))+0.1*exp((-0.956375928404503+x(10))*(-0.956375928404503+x(10)))+0.0909090909090909*exp((0.663633884212968+x(11))*(0.663633884212968+x(11))))+x(12);
             -(exp((0.54402111088937+x(1))*(0.54402111088937+x(1)))+0.5*exp((0.536572918000435+x(2))*(0.536572918000435+x(2)))+0.333333333333333*exp((-0.99060735569487+x(3))*(-0.99060735569487+x(3)))+0.25*exp((0.287903316665065+x(4))*(0.287903316665065+x(4)))+0.2*exp((0.750987246771676+x(5))*(0.750987246771676+x(5)))+0.166666666666667*exp((-0.912945250727628+x(6))*(-0.912945250727628+x(6)))+0.142857142857143*exp((0.00885130929040388+x(7))*(0.00885130929040388+x(7)))+0.125*exp((0.905578362006624+x(8))*(0.905578362006624+x(8)))+0.111111111111111*exp((-0.762558450479603+x(9))*(-0.762558450479603+x(9)))+0.1*exp((-0.270905788307869+x(10))*(-0.270905788307869+x(10)))+0.0909090909090909*exp((0.988031624092862+x(11))*(0.988031624092862+x(11))))+x(12);
