% This BARON input file was generated by the MATLAB/BARON interface.
% The BARON/MATLAB interface was developed by J. Currie.  The interface
% is provided free of charge and with no warranties from The Optimization
% Firm, http://www.minlp.com.
% Interface version: v1.51 [17-Dec-2013]
% File generated: 31-Jan-2014 05:03:45
% Model: s374

% Objective
fun = @(x)x(10);

% Bounds
lb = [-Inf,-Inf,-Inf,-Inf,-Inf,-Inf,-Inf,-Inf,-Inf,-Inf,-Inf,-Inf,-Inf,-Inf,-Inf,-Inf,-Inf,-Inf,-Inf,-Inf,-Inf,-Inf,-Inf,-Inf,-Inf,-Inf,-Inf,-Inf,-Inf,-Inf,-Inf,-Inf,-Inf,-Inf,-Inf,-Inf,-Inf,-Inf,-Inf,-Inf,-Inf,-Inf,-Inf,-Inf,-Inf]';
ub = [Inf,Inf,Inf,Inf,Inf,Inf,Inf,Inf,Inf,Inf,Inf,Inf,Inf,Inf,Inf,Inf,Inf,Inf,Inf,Inf,Inf,Inf,Inf,Inf,Inf,Inf,Inf,Inf,Inf,Inf,Inf,Inf,Inf,Inf,Inf,Inf,Inf,Inf,Inf,Inf,Inf,Inf,Inf,Inf,Inf]';

% Constraints
nlcon = @(x)[-(1-x(10))^2+x(11);
             -(1-x(10))^2+x(12);
             -(1-x(10))^2+x(13);
             -(1-x(10))^2+x(14);
             -(1-x(10))^2+x(15);
             -(1-x(10))^2+x(16);
             -(1-x(10))^2+x(17);
             -(1-x(10))^2+x(18);
             -(1-x(10))^2+x(19);
             -(1-x(10))^2+x(20);
             (1+x(10))^2-x(21);
             (1+x(10))^2-x(22);
             (1+x(10))^2-x(23);
             (1+x(10))^2-x(24);
             (1+x(10))^2-x(25);
             (1+x(10))^2-x(26);
             (1+x(10))^2-x(27);
             (1+x(10))^2-x(28);
             (1+x(10))^2-x(29);
             (1+x(10))^2-x(30);
             x(10)^2-x(31);
             x(10)^2-x(32);
             x(10)^2-x(33);
             x(10)^2-x(34);
             x(10)^2-x(35);
             x(10)^2-x(36);
             x(10)^2-x(37);
             x(10)^2-x(38);
             x(10)^2-x(39);
             x(10)^2-x(40);
             x(10)^2-x(41);
             x(10)^2-x(42);
             x(10)^2-x(43);
             x(10)^2-x(44);
             x(10)^2-x(45);
             -(x(1)+x(2)+x(3)+x(4)+x(5)+x(6)+x(7)+x(8)+x(9))^2+x(11);
             -((0.996917515468375*x(1)+0.987689065295277*x(2)+0.972371542590523*x(3)+0.951059379407714*x(4)+0.923883964573544*x(5)+0.891012833679746*x(6)+0.852648636231354*x(7)+0.809027886318774*x(8)+0.760419504515733*x(9))^2+(0.078456786528392*x(1)+0.156429889395035*x(2)+0.233438606832989*x(3)+0.30900818248165*x(4)+0.382672732245021*x(5)+0.453978116452753*x(6)+0.52248473961716*x(7)+0.587770260525808*x(8)+0.649432195962017*x(9))^2)+x(12);
             -((0.987689065295277*x(1)+0.951059379407714*x(2)+0.891012833679746*x(3)+0.809027886318774*x(4)+0.70712315999226*x(5)+0.587807739564022*x(6)+0.454019393734376*x(7)+0.309052241682846*x(8)+0.156475645695905*x(9))^2+(0.156429889395035*x(1)+0.30900818248165*x(2)+0.453978116452753*x(3)+0.587770260525808*x(4)+0.707090402001441*x(5)+0.809000655938322*x(6)+0.890991801372532*x(7)+0.95104506302846*x(8)+0.987681817340002*x(9))^2)+x(13);
             -((0.972371542590523*x(1)+0.891012833679746*x(2)+0.760419504515733*x(3)+0.587807739564022*x(4)+0.3827155324173*x(5)+0.156475645695905*x(6)-0.0784106024509497*x(7)-0.308964122617269*x(8)-0.522445238578014*x(9))^2+(0.233438606832989*x(1)+0.453978116452753*x(2)+0.649432195962017*x(3)+0.809000655938322*x(4)+0.923866235580965*x(5)+0.987681817340002*x(6)+0.996921149050054*x(7)+0.951073693745832*x(8)+0.852672840359749*x(9))^2)+x(14);
             -((0.951059379407714*x(1)+0.809027886318774*x(2)+0.587807739564022*x(3)+0.309052241682846*x(4)+4.63267948797357e-5*x(5)-0.30896412261727*x(6)-0.587732780226139*x(7)-0.808973423821615*x(8)-0.951030744608099*x(9))^2+(0.30900818248165*x(1)+0.587770260525808*x(2)+0.809000655938322*x(3)+0.95104506302846*x(4)+0.999999998926914*x(5)+0.951073693745832*x(6)+0.809055114962913*x(7)+0.587845217340699*x(8)+0.309096300220763*x(9))^2)+x(15);
             -((0.923883964573544*x(1)+0.70712315999226*x(2)+0.3827155324173*x(3)+4.63267948797357e-5*x(4)-0.382629931251461*x(5)-0.707057642493085*x(6)-0.923848504605609*x(7)-0.999999995707656*x(8)-0.923919416610224*x(9))^2+(0.382672732245021*x(1)+0.707090402001441*x(2)+0.923866235580965*x(3)+0.999999998926914*x(4)+0.92390169158331*x(5)+0.707155916465471*x(6)+0.382758331768206*x(7)+9.26535896600462e-5*x(8)-0.382587129436711*x(9))^2)+x(16);
             -((0.891012833679746*x(1)+0.587807739564022*x(2)+0.156475645695905*x(3)-0.308964122617269*x(4)-0.707057642493085*x(5)-0.951030744608099*x(6)-0.987703554846558*x(7)-0.809082341870682*x(8)-0.454101945374324*x(9))^2+(0.453978116452753*x(1)+0.809000655938322*x(2)+0.987681817340002*x(3)+0.951073693745832*x(4)+0.707155916465472*x(5)+0.309096300220764*x(6)-0.156338375786216*x(7)-0.587695298665093*x(8)-0.890949731021484*x(9))^2)+x(17);
             -((0.852648636231354*x(1)+0.454019393734376*x(2)-0.07841060245095*x(3)-0.587732780226139*x(4)-0.923848504605609*x(5)-0.987703554846558*x(6)-0.760479673475948*x(7)-0.309140358095306*x(8)+0.233303464007877*x(9))^2+(0.52248473961716*x(1)+0.890991801372532*x(2)+0.996921149050054*x(3)+0.809055114962913*x(4)+0.382758331768206*x(5)-0.156338375786216*x(6)-0.64936173757769*x(7)-0.951016424146663*x(8)-0.972403976586853*x(9))^2)+x(18);
             -((0.809027886318774*x(1)+0.309052241682846*x(2)-0.30896412261727*x(3)-0.808973423821615*x(4)-0.999999995707656*x(5)-0.809082341870682*x(6)-0.309140358095306*x(7)+0.308876000899332*x(8)+0.808918954379672*x(9))^2+(0.587770260525808*x(1)+0.95104506302846*x(2)+0.951073693745832*x(3)+0.587845217340699*x(4)+9.26535896600462e-5*x(5)-0.587695298665094*x(6)-0.951016424146663*x(7)-0.951102316298533*x(8)-0.587920169109122*x(9))^2)+x(19);
             -((0.760419504515733*x(1)+0.156475645695905*x(2)-0.522445238578014*x(3)-0.951030744608099*x(4)-0.923919416610224*x(5)-0.454101945374324*x(6)+0.233303464007877*x(7)+0.808918954379672*x(8)+0.996932036957672*x(9))^2+(0.649432195962017*x(1)+0.987681817340002*x(2)+0.852672840359749*x(3)+0.309096300220763*x(4)-0.382587129436711*x(5)-0.890949731021484*x(6)-0.972403976586853*x(7)-0.587920169109122*x(8)+0.0782720492093242*x(9))^2)+x(20);
             -(x(1)+x(2)+x(3)+x(4)+x(5)+x(6)+x(7)+x(8)+x(9))^2+x(21);
             -((0.996917515468375*x(1)+0.987689065295277*x(2)+0.972371542590523*x(3)+0.951059379407714*x(4)+0.923883964573544*x(5)+0.891012833679746*x(6)+0.852648636231354*x(7)+0.809027886318774*x(8)+0.760419504515733*x(9))^2+(0.078456786528392*x(1)+0.156429889395035*x(2)+0.233438606832989*x(3)+0.30900818248165*x(4)+0.382672732245021*x(5)+0.453978116452753*x(6)+0.52248473961716*x(7)+0.587770260525808*x(8)+0.649432195962017*x(9))^2)+x(22);
             -((0.987689065295277*x(1)+0.951059379407714*x(2)+0.891012833679746*x(3)+0.809027886318774*x(4)+0.70712315999226*x(5)+0.587807739564022*x(6)+0.454019393734376*x(7)+0.309052241682846*x(8)+0.156475645695905*x(9))^2+(0.156429889395035*x(1)+0.30900818248165*x(2)+0.453978116452753*x(3)+0.587770260525808*x(4)+0.707090402001441*x(5)+0.809000655938322*x(6)+0.890991801372532*x(7)+0.95104506302846*x(8)+0.987681817340002*x(9))^2)+x(23);
             -((0.972371542590523*x(1)+0.891012833679746*x(2)+0.760419504515733*x(3)+0.587807739564022*x(4)+0.3827155324173*x(5)+0.156475645695905*x(6)-0.0784106024509497*x(7)-0.308964122617269*x(8)-0.522445238578014*x(9))^2+(0.233438606832989*x(1)+0.453978116452753*x(2)+0.649432195962017*x(3)+0.809000655938322*x(4)+0.923866235580965*x(5)+0.987681817340002*x(6)+0.996921149050054*x(7)+0.951073693745832*x(8)+0.852672840359749*x(9))^2)+x(24);
             -((0.951059379407714*x(1)+0.809027886318774*x(2)+0.587807739564022*x(3)+0.309052241682846*x(4)+4.63267948797357e-5*x(5)-0.30896412261727*x(6)-0.587732780226139*x(7)-0.808973423821615*x(8)-0.951030744608099*x(9))^2+(0.30900818248165*x(1)+0.587770260525808*x(2)+0.809000655938322*x(3)+0.95104506302846*x(4)+0.999999998926914*x(5)+0.951073693745832*x(6)+0.809055114962913*x(7)+0.587845217340699*x(8)+0.309096300220763*x(9))^2)+x(25);
