% MATLAB - BARON Interface [J.Currie I2C2]
% Interface Version: v1.39 [22/05/12]
% File Generated: 22-May-2012 15:52:09
% Model: bcp7

% Objective
fun = @(x)x(1);

% Bounds
lb = [0.95,0.001,0.001,0.001,0.001,0.001,0.001,0.001,0.001,0,0,0,0,0,0,0,0,0.001,0.001,0.001,0.001,0.001,0.001,0.001,0.001,0.001,0.001,0.001,0.001,0.001,0.001,0.001,0.001,0.001,0.001,0,0,0,0,0,0,0,0,0.001,0.001,0.001,0.001,0.001,0.001,0.001,0.001,0.001,0.001,0.001,0.001,0.001,0.001,0.001,0.001,0.001,0.001,1e-05,-10,-10,-10,1e-05,-10,-10,-10,1e-05,-10,-10,-10,1e-05,-10,-10,-10,1e-05,-10,-10,-10,0.001,0.001,0.001,0.001,0.001,0.001,0.001,0.001,0.001,0.001,1e-05,-10,-10,-10,-10,1e-05,-10,-10,-10,-10,1e-05,-10,-10,-10,-10,1e-05,-10,-10,-10,-10,1e-05,-10,-10,-10,-10,1e-05,-10,-10,-10,-10,1e-05,-10,-10,-10,-10,1,-Inf,-Inf,-Inf,-Inf,-Inf,-Inf,-Inf]';
ub = [1,10,10,10,10,10,10,10,10,Inf,Inf,Inf,Inf,Inf,Inf,Inf,Inf,10,10,10,10,10,10,10,10,10,10,10,10,10,10,10,10,10,10,Inf,Inf,Inf,Inf,Inf,Inf,Inf,Inf,10,10,10,10,10,10,10,10,10,10,10,10,10,10,10,10,10,10,10,10,10,10,10,10,10,10,10,10,10,10,10,10,10,10,10,10,10,10,10,10,10,10,10,10,10,10,10,10,10,10,10,10,10,10,10,10,10,10,10,10,10,10,10,10,10,10,10,10,10,10,10,10,10,10,10,10,10,10,10,10,10,10,10,Inf,Inf,Inf,Inf,Inf,Inf,Inf,Inf]';

% Constraints
nlcon = @(x)[-x(10)+0.001*x(127);
             -x(11)+0.001*x(128);
             -x(12)+0.001*x(129);
             -x(13)+0.001*x(130);
             -x(14)+0.001*x(131);
             -x(15)+0.001*x(132);
             -x(16)+0.001*x(133);
             -x(17)+0.001*x(134);
             x(10)-10*x(127);
             x(11)-10*x(128);
             x(12)-10*x(129);
             x(13)-10*x(130);
             x(14)-10*x(131);
             x(15)-10*x(132);
             x(16)-10*x(133);
             x(17)-10*x(134);
             -x(36)+0.001*x(127);
             -x(37)+0.001*x(128);
             -x(38)+0.001*x(129);
             -x(39)+0.001*x(130);
             -x(40)+0.001*x(131);
             -x(41)+0.001*x(132);
             -x(42)+0.001*x(133);
             -x(43)+0.001*x(134);
             x(36)-10*x(127);
             x(37)-10*x(128);
             x(38)-10*x(129);
             x(39)-10*x(130);
             x(40)-10*x(131);
             x(41)-10*x(132);
             x(42)-10*x(133);
             x(43)-10*x(134);
             x(127)-x(128);
             x(128)-x(129);
             x(129)-x(130);
             x(130)-x(131);
             x(131)-x(132);
             x(132)-x(133);
             x(133)-x(134);
             -1000000000*x(2)+1000000000*x(10)+x(18);
             200000000*x(1)*x(2)-100000000*x(3)+100000000*x(11)+x(19);
             20000000*x(1)*x(3)-10000000*x(2)-10000000*x(4)-10000000*x(10)+10000000*x(12)+x(20);
             2000000*x(1)*x(4)-1000000*x(3)-1000000*x(5)-1000000*x(11)+1000000*x(13)+x(21);
             200000*x(1)*x(5)-100000*x(4)-100000*x(6)-100000*x(12)+100000*x(14)+x(22);
             20000*x(1)*x(6)-10000*x(5)-10000*x(7)-10000*x(13)+10000*x(15)+x(23);
             2000*x(1)*x(7)-1000*x(6)-1000*x(8)-1000*x(14)+1000*x(16)+x(24);
             200*x(1)*x(8)-100*x(7)-100*x(9)-100*x(15)+100*x(17)+x(25);
             20*x(1)*x(9)-10*x(8)-10*x(16)+x(26);
             -x(9)-x(17)+x(27);
             -x(2)+1e-5*x(3)-1e-10*x(4)+x(28);
             -x(3)+2e-5*x(4)-3e-10*x(5)+x(29);
             -x(4)+3e-5*x(5)-6e-10*x(6)+x(30);
             -x(5)+4e-5*x(6)-1e-9*x(7)+x(31);
             -x(6)+5e-5*x(7)-1.5e-9*x(8)+x(32);
             -x(7)+6e-5*x(8)-2.1e-9*x(9)+x(33);
             -x(8)+7e-5*x(9)+x(34);
             -x(9)+x(35);
             -x(10)+1e-5*x(11)-1e-10*x(12)+x(36);
             -x(11)+2e-5*x(12)-3e-10*x(13)+x(37);
             -x(12)+3e-5*x(13)-6e-10*x(14)+x(38);
             -x(13)+4e-5*x(14)-1e-9*x(15)+x(39);
             -x(14)+5e-5*x(15)-1.5e-9*x(16)+x(40);
             -x(15)+6e-5*x(16)-2.1e-9*x(17)+x(41);
             -x(16)+7e-5*x(17)+x(42);
             -x(17)+x(43);
             -x(18)+1e-5*x(19)-1e-10*x(20)+x(44);
             -x(19)+2e-5*x(20)-3e-10*x(21)+x(45);
             -x(20)+3e-5*x(21)-6e-10*x(22)+x(46);
             -x(21)+4e-5*x(22)-1e-9*x(23)+x(47);
             -x(22)+5e-5*x(23)-1.5e-9*x(24)+x(48);
             -x(23)+6e-5*x(24)-2.1e-9*x(25)+x(49);
             -x(24)+7e-5*x(25)-2.8e-9*x(26)+x(50);
             -x(25)+8e-5*x(26)-3.6e-9*x(27)+x(51);
             -x(26)+9e-5*x(27)+x(52);
             -x(27)+x(53);
             -x(35)+x(54);
             -x(33)+x(55);
             -x(31)+x(56);
             -x(29)+x(57);
             -x(34)+x(58);
             -x(32)+x(59);
             -x(30)+x(60);
             -x(28)+x(61);
             x(54)*x(59)/x(58)-x(55)+x(62);
             x(54)*x(60)/x(58)-x(56)+x(63);
             x(54)*x(61)/x(58)-x(57)+x(64);
             x(58)*x(63)/x(62)-x(59)+x(66);
             x(58)*x(64)/x(62)-x(60)+x(67);
             x(58)*x(65)/x(62)-x(61)+x(68);
             x(62)*x(67)/x(66)-x(63)+x(70);
             x(62)*x(68)/x(66)-x(64)+x(71);
             x(62)*x(69)/x(66)-x(65)+x(72);
             x(66)*x(71)/x(70)-x(67)+x(74);
             x(66)*x(72)/x(70)-x(68)+x(75);
             x(66)*x(73)/x(70)-x(69)+x(76);
             x(70)*x(75)/x(74)-x(71)+x(78);
             x(70)*x(76)/x(74)-x(72)+x(79);
             x(70)*x(77)/x(74)-x(73)+x(80);
             x(65);
             x(69);
             x(73);
             x(77);
             x(81);
             -x(53)+x(82);
             -x(51)+x(83);
             -x(49)+x(84);
             -x(47)+x(85);
             -x(45)+x(86);
             -x(52)+x(87);
             -x(50)+x(88);
             -x(48)+x(89);
             -x(46)+x(90);
             -x(44)+x(91);
             x(82)*x(88)/x(87)-x(83)+x(92);
             x(82)*x(89)/x(87)-x(84)+x(93);
             x(82)*x(90)/x(87)-x(85)+x(94);
             x(82)*x(91)/x(87)-x(86)+x(95);
             x(87)*x(93)/x(92)-x(88)+x(97);
             x(87)*x(94)/x(92)-x(89)+x(98);
             x(87)*x(95)/x(92)-x(90)+x(99);
             x(87)*x(96)/x(92)-x(91)+x(100);
             x(92)*x(98)/x(97)-x(93)+x(102);
             x(92)*x(99)/x(97)-x(94)+x(103);
             x(92)*x(100)/x(97)-x(95)+x(104);
             x(92)*x(101)/x(97)-x(96)+x(105);
             x(97)*x(103)/x(102)-x(98)+x(107);
             x(97)*x(104)/x(102)-x(99)+x(108);
             x(97)*x(105)/x(102)-x(100)+x(109);
             x(97)*x(106)/x(102)-x(101)+x(110);
             x(102)*x(108)/x(107)-x(103)+x(112);
             x(102)*x(109)/x(107)-x(104)+x(113);
             x(102)*x(110)/x(107)-x(105)+x(114);
             x(102)*x(111)/x(107)-x(106)+x(115);
             x(107)*x(113)/x(112)-x(108)+x(117);
             x(107)*x(114)/x(112)-x(109)+x(118);
             x(107)*x(115)/x(112)-x(110)+x(119);
             x(107)*x(116)/x(112)-x(111)+x(120);
             x(112)*x(118)/x(117)-x(113)+x(122);
             x(112)*x(119)/x(117)-x(114)+x(123);
             x(112)*x(120)/x(117)-x(115)+x(124);
             x(112)*x(121)/x(117)-x(116)+x(125);
             x(96);
             x(101);
             x(106);
             x(111);
             x(116);
             x(121);
             x(126);
             x(41)*x(42)-x(40)*x(43)-1e-5*x(134);
             x(40)*x(41)*x(42)-x(40)*x(40)*x(43)+x(38)*x(42)*x(43)-x(39)*x(42)*x(42)-1e-5*x(133);
             x(39)*x(40)*x(41)*x(42)-x(40)^2*x(39)*x(43)-x(39)^2*x(42)^2+2*x(38)*x(39)*x(42)*x(43)-x(38)^2*x(43)^2+x(38)*x(40)*x(41)*x(43)-x(41)^2*x(38)*x(42)+x(37)*x(41)*x(42)^2-x(37)*x(40)*x(42)*x(43)-x(36)*x(41)*x(42)*x(43)+x(36)*x(40)*x(43)^2+(x(39)*x(40)-x(38)*x(41))*(1-x(133))-1e-5*x(132);
