% MATLAB - BARON Interface [J.Currie I2C2]
% Interface Version: v1.39 [22/05/12]
% File Generated: 22-May-2012 15:41:20
% Model: TCD1_MINLPorg

% Objective
fun = @(x)1.5*x(36)+1.5*x(37)+1.5*x(38)+1.5*x(39)+1.5*x(40)+1.5*x(41)+1.5*x(42)+1.5*x(43)+1.5*x(44)+1.5*x(45)+1.5*x(46)+1.5*x(47)+1.5*x(48)+1.5*x(49)+1.5*x(50)+81.44*x(332)+81.44*x(333)+81.44*x(334)+81.44*x(335)+81.44*x(336)+81.44*x(337)+81.44*x(338)+81.44*x(339)+81.44*x(340)+81.44*x(341)+81.44*x(342)+81.44*x(343)+81.44*x(344)+81.44*x(345)+81.44*x(346)+3.04*x(347)+3.04*x(348)+3.04*x(349)+3.04*x(350)+3.04*x(351)+3.04*x(352)+3.04*x(353)+3.04*x(354)+3.04*x(355)+3.04*x(356)+3.04*x(357)+3.04*x(358)+3.04*x(359)+3.04*x(360)+3.04*x(361)+x(432)+x(443)+x(444)+x(445)+x(446)+x(447)+x(448)+x(449)+x(450)+x(451)+x(452)+x(453)+x(454)+x(455)+x(456)+x(457);

% Bounds
lb = [-Inf,-Inf,-Inf,-Inf,-Inf,-Inf,-Inf,-Inf,-Inf,-Inf,-Inf,-Inf,-Inf,-Inf,-Inf,-Inf,-Inf,-Inf,-Inf,-Inf,-Inf,-Inf,-Inf,-Inf,-Inf,-Inf,-Inf,-Inf,-Inf,-Inf,-Inf,-Inf,-Inf,-Inf,-Inf,0,0,0,0,0,0,0,0,0,0,1,0,0,0,1,0,0,0,0,0,0,0,0,0,0,-Inf,0,0,0,0,0,0,0,0,0,0,0,0,0,0,0,0,0,0,0,0,0,0,0,0,0,0,0,0,0,0,0,0,0,0,0,0,0,0,0,0,0,0,0,0,0,0,0,0,0,0,0,0,0,0,0,0,0,0,0,0,0,0,0,0,0,0,0,0,0,0,0,0,0,0,0,0,0,0,0,0,0,0,0,0,0,0,0,0,0,0,0,0,0,0,0,0,0,0,0,0,0,0,0,0,0,0,0,0,0,0,0,0,0,0,0,0,0,0,0,0,0,0,0,0,0,0,0,0,0,0,0,0,0,0,0,0,0,0,0,0,0,0,0,0,0,0,0,0,0,0,0,0,0,0,0,0,0,0,0,0,0,0,0,0,0,0,0,0,0,0,0,0,0,0,0,0,0,0,0,0,0,0,0,0,0,0,0,0,0,0,0,0,0,0,0,0,0,0,0,0,0,0,0,0,0,0,0,0,0,0,0,0,0,0,0,0,0,0,0,0,4.05,1.77,1.32,1.01,4.05,1.77,1.32,1.77,1.32,1.01,4.05,1.77,1.77,1.32,1.32,1.01,4.05,1.77,1.32,1.01,0,0,0,0,0,0,0,0,0,0,0,0,0,0,0,0,0,0,0,0,0,0,0,0,0,0,0,0,0,0,0,0,0,0,0,0,0,0,0,0,0,0,0,0,0,0,0,0,0,0,0,0,0,0,0,0,0,0,0,0,0.1,0.1,0.1,0.1,0.1,0.1,0.1,0.1,0.1,0.1,0,0,0,0,0,0,0,0,0,0,0,0,0,0,0,0,0,0,0,0,0,0,0,0,0,0,0,0,0,0,0,0,0,0,0,0,0,0,0,0,0,0,0,0,0,0,0,0,0,0,0,0,0,0,0,0,0,0,0,0,0,0,0,0,0,0,0,0,0,0,0,0,0,0,0,0,0,0,0,0,0,0,0,0,0,0,0,0,0,0,0,0,0,0,0,0,0,0,0,0,0,0,0,0,0,0,0,0,0,0,0]';
ub = [Inf,Inf,Inf,Inf,Inf,Inf,Inf,Inf,Inf,Inf,Inf,Inf,Inf,Inf,Inf,Inf,Inf,Inf,Inf,Inf,Inf,Inf,Inf,Inf,Inf,Inf,Inf,Inf,Inf,Inf,Inf,Inf,Inf,Inf,Inf,0,0,0,0,0,0,0,0,0,0,1,1,1,1,1,1,1,1,1,1,1,1,1,1,1,Inf,20,20,20,20,20,20,20,20,20,20,20,20,20,20,20,20,20,20,20,20,20,20,20,20,20,20,20,20,20,20,20,20,20,20,20,20,20,20,20,20,2,2,2,2,2,2,2,2,2,2,2,2,2,2,2,2,2,2,2,2,2,2,2,2,2,2,2,2,2,2,0.6,0.4,0.2,0.4,0.4,0.6,0.4,0.2,0.4,0.4,0.6,0.4,0.2,0.4,0.4,0.6,0.4,0.2,0.4,0.4,0.6,0.4,0.2,0.4,0.4,0.6,0.4,0.2,0.4,0.4,0.6,0.4,0.2,0.4,0.4,0.6,0.4,0.2,0.4,0.4,0.6,0.4,0.2,0.4,0.4,0.6,0.4,0.2,0.4,0.4,0.6,0.4,0.2,0.4,0.4,0.6,0.4,0.2,0.4,0.4,0.6,0.4,0.2,0.4,0.4,0.6,0.4,0.2,0.4,0.4,0.6,0.4,0.2,0.4,0.4,0.6,0.4,0.2,0.4,0.4,0.6,0.4,0.2,0.4,0.4,0.6,0.4,0.2,0.4,0.4,0.6,0.4,0.2,0.4,0.4,0.6,0.4,0.2,0.4,0.4,0.6,0.4,0.2,0.4,0.4,0.6,0.4,0.2,0.4,0.4,0.6,0.4,0.2,0.4,0.4,0.6,0.4,0.2,0.4,0.4,0.6,0.4,0.2,0.4,0.4,0.6,0.4,0.2,0.4,0.4,0.6,0.4,0.2,0.4,0.4,0.6,0.4,0.2,0.4,0.4,0.6,0.4,0.2,0.4,0.4,0.6,0.4,0.2,0.4,0.4,10.49,4.03,1.75,1.3,10.49,4.03,1.75,4.03,1.75,1.3,10.49,4.03,4.03,1.75,1.75,1.3,10.49,4.03,1.75,1.3,1,1,1,1,1,1,1,1,1,1,1,1,1,1,1,1,1,1,1,1,1,1,1,1,1,1,1,1,1,1,10,10,10,10,10,10,10,10,10,10,10,10,10,10,10,10,10,10,10,10,10,10,10,10,10,10,10,10,10,10,25,25,25,25,25,25,25,25,25,25,Inf,Inf,Inf,Inf,Inf,Inf,Inf,Inf,Inf,Inf,Inf,Inf,Inf,Inf,Inf,Inf,Inf,Inf,Inf,Inf,Inf,Inf,Inf,Inf,Inf,Inf,Inf,Inf,Inf,Inf,Inf,Inf,Inf,Inf,Inf,Inf,Inf,Inf,Inf,Inf,Inf,Inf,Inf,Inf,Inf,Inf,Inf,Inf,Inf,Inf,Inf,Inf,Inf,Inf,Inf,Inf,Inf,Inf,Inf,Inf,Inf,100,100,100,100,100,100,100,100,100,100,1000,1000,1000,1000,1000,1000,1000,1000,1000,1000,1000,1000,1000,1000,1000,Inf,Inf,Inf,Inf,Inf,Inf,Inf,Inf,Inf,Inf,Inf,Inf,Inf,Inf,Inf,50,50,50,50,50,50,50,50,50,50]';

% Constraints
nlcon = @(x)[x(1)+x(2)+x(3)+x(4)+x(5)+x(6)+x(7)+x(8)+x(9)+x(10);
             x(11)+x(12)+x(13)+x(14)+x(15)+x(16);
             x(17)+x(18)+x(19)+x(20)+x(21)+x(22);
             x(23)+x(24)+x(25);
             x(26)+x(27)+x(28);
             x(29)+x(30)+x(31);
             x(32);
             x(33);
             x(34);
             x(35);
             x(7)+x(8)+x(9)+x(10);
             x(4)+x(5)+x(6)+x(14)+x(15)+x(16);
             x(20)+x(21)+x(22);
             x(2)+x(3)+x(12)+x(13)+x(24)+x(25);
             x(18)+x(19)+x(27)+x(28);
             x(30)+x(31);
             x(1)+x(2)+x(4)+x(7);
             x(11)+x(12)+x(14);
             x(3)+x(5)+x(8)+x(17)+x(18)+x(20);
             x(23)+x(24);
             x(13)+x(15)+x(26)+x(27);
             x(6)+x(9)+x(19)+x(21)+x(29)+x(30);
             x(1)+x(11)+x(23)+x(32);
             x(17)+x(26)+x(32)+x(33);
             x(25)+x(29)+x(33)+x(34);
             x(16)+x(28)+x(34)+x(35);
             x(10)+x(22)+x(31)+x(35);
             x(1)+x(11)+x(23)+x(32);
             x(17)+x(26)+x(33);
             x(29)+x(34);
             x(35);
             x(32);
             x(25)+x(33);
             x(16)+x(28)+x(34);
             x(10)+x(22)+x(31)+x(35);
             x(1)+x(11)+x(23)+x(32)+x(46);
             x(17)+x(26)+x(33)+x(47);
             x(29)+x(34)+x(48);
             x(35)+x(49);
             x(50);
             x(46);
             x(32)+x(47);
             x(25)+x(33)+x(48);
             x(16)+x(28)+x(34)+x(49);
             x(10)+x(22)+x(31)+x(35)+x(50);
             -x(17)-x(32)-x(47);
             -x(26)-x(32)-x(47);
             -x(32)-x(33)-x(47);
             -x(25)-x(29)-x(48);
             -x(29)-x(33)-x(48);
             -x(25)-x(34)-x(48);
             -x(33)-x(34)-x(48);
             -x(16)-x(35)-x(49);
             -x(28)-x(35)-x(49);
             -x(34)-x(35)-x(49);
             x(7)+x(8)+x(9)+x(10)-x(37);
             x(1)+x(2)+x(4)+x(7)-x(38);
             x(4)+x(5)+x(6)+x(14)+x(15)+x(16)-x(39);
             x(11)+x(12)+x(14)+x(20)+x(21)+x(22)-x(40);
             x(3)+x(5)+x(8)+x(17)+x(18)+x(20)-x(41);
             x(2)+x(3)+x(12)+x(13)+x(24)+x(25)-x(42);
             x(18)+x(19)+x(23)+x(24)+x(27)+x(28)-x(43);
             x(13)+x(15)+x(26)+x(27)+x(30)+x(31)-x(44);
             x(6)+x(9)+x(19)+x(21)+x(29)+x(30)-x(45);
             -x(11)-x(20)-x(40);
             -x(11)-x(21)-x(40);
             -x(11)-x(22)-x(40);
             -x(12)-x(20)-x(40);
             -x(12)-x(21)-x(40);
             -x(12)-x(22)-x(40);
             -x(14)-x(20)-x(40);
             -x(14)-x(21)-x(40);
             -x(14)-x(22)-x(40);
             -x(18)-x(23)-x(43);
             -x(18)-x(24)-x(43);
             -x(19)-x(23)-x(43);
             -x(19)-x(24)-x(43);
             -x(23)-x(27)-x(43);
             -x(24)-x(27)-x(43);
             -x(23)-x(28)-x(43);
             -x(24)-x(28)-x(43);
             -x(13)-x(30)-x(44);
             -x(15)-x(30)-x(44);
             -x(26)-x(30)-x(44);
             -x(27)-x(30)-x(44);
             -x(13)-x(31)-x(44);
             -x(15)-x(31)-x(44);
             -x(26)-x(31)-x(44);
             -x(27)-x(31)-x(44);
             -x(7)+x(11)+x(12)+x(13)+x(14)+x(15)+x(16);
             -x(8)+x(11)+x(12)+x(13)+x(14)+x(15)+x(16);
             -x(9)+x(11)+x(12)+x(13)+x(14)+x(15)+x(16);
             -x(10)+x(11)+x(12)+x(13)+x(14)+x(15)+x(16);
             -x(1)+x(17)+x(18)+x(19)+x(20)+x(21)+x(22);
             -x(2)+x(17)+x(18)+x(19)+x(20)+x(21)+x(22);
             -x(4)+x(17)+x(18)+x(19)+x(20)+x(21)+x(22);
             -x(7)+x(17)+x(18)+x(19)+x(20)+x(21)+x(22);
             -x(4)+x(23)+x(24)+x(25);
             -x(5)+x(23)+x(24)+x(25);
             -x(6)+x(23)+x(24)+x(25);
             -x(14)+x(23)+x(24)+x(25);
             -x(15)+x(23)+x(24)+x(25);
             -x(16)+x(23)+x(24)+x(25);
             -x(11)+x(26)+x(27)+x(28);
             -x(12)+x(26)+x(27)+x(28);
             -x(14)+x(26)+x(27)+x(28);
             -x(20)+x(26)+x(27)+x(28);
             -x(21)+x(26)+x(27)+x(28);
             -x(22)+x(26)+x(27)+x(28);
             -x(3)+x(29)+x(30)+x(31);
             -x(5)+x(29)+x(30)+x(31);
             -x(8)+x(29)+x(30)+x(31);
             -x(17)+x(29)+x(30)+x(31);
             -x(18)+x(29)+x(30)+x(31);
             -x(20)+x(29)+x(30)+x(31);
