% MATLAB - BARON Interface [J.Currie I2C2]
% Interface Version: v1.39 [22/05/12]
% File Generated: 22-May-2012 15:43:21
% Model: TCD2_MINLPorg

% Objective
fun = @(x)1.5*x(51)+1.5*x(52)+1.5*x(53)+1.5*x(54)+1.5*x(55)+1.5*x(56)+1.5*x(57)+1.5*x(58)+1.5*x(59)+1.5*x(60)+1.5*x(61)+1.5*x(62)+1.5*x(63)+1.5*x(64)+1.5*x(65)+81.44*x(347)+81.44*x(348)+81.44*x(349)+81.44*x(350)+81.44*x(351)+81.44*x(352)+81.44*x(353)+81.44*x(354)+81.44*x(355)+81.44*x(356)+81.44*x(357)+81.44*x(358)+81.44*x(359)+81.44*x(360)+81.44*x(361)+3.04*x(362)+3.04*x(363)+3.04*x(364)+3.04*x(365)+3.04*x(366)+3.04*x(367)+3.04*x(368)+3.04*x(369)+3.04*x(370)+3.04*x(371)+3.04*x(372)+3.04*x(373)+3.04*x(374)+3.04*x(375)+3.04*x(376)+x(447)+x(458)+x(459)+x(460)+x(461)+x(462)+x(463)+x(464)+x(465)+x(466)+x(467)+x(468)+x(469)+x(470)+x(471)+x(472);

% Bounds
lb = [-Inf,-Inf,-Inf,-Inf,-Inf,-Inf,-Inf,-Inf,-Inf,-Inf,-Inf,-Inf,-Inf,-Inf,-Inf,-Inf,-Inf,-Inf,-Inf,-Inf,-Inf,-Inf,-Inf,-Inf,-Inf,-Inf,-Inf,-Inf,-Inf,-Inf,-Inf,-Inf,-Inf,-Inf,-Inf,-Inf,-Inf,-Inf,-Inf,-Inf,-Inf,-Inf,-Inf,-Inf,-Inf,-Inf,-Inf,-Inf,-Inf,-Inf,0,0,0,0,0,0,0,0,0,0,1,0,0,0,1,0,0,0,0,0,0,0,0,0,0,-Inf,0,0,0,0,0,0,0,0,0,0,0,0,0,0,0,0,0,0,0,0,0,0,0,0,0,0,0,0,0,0,0,0,0,0,0,0,0,0,0,0,0,0,0,0,0,0,0,0,0,0,0,0,0,0,0,0,0,0,0,0,0,0,0,0,0,0,0,0,0,0,0,0,0,0,0,0,0,0,0,0,0,0,0,0,0,0,0,0,0,0,0,0,0,0,0,0,0,0,0,0,0,0,0,0,0,0,0,0,0,0,0,0,0,0,0,0,0,0,0,0,0,0,0,0,0,0,0,0,0,0,0,0,0,0,0,0,0,0,0,0,0,0,0,0,0,0,0,0,0,0,0,0,0,0,0,0,0,0,0,0,0,0,0,0,0,0,0,0,0,0,0,0,0,0,0,0,0,0,0,0,0,0,0,0,0,0,0,0,0,0,0,0,0,0,0,0,0,0,0,0,0,0,0,0,0,0,0,0,0,0,0,0,0,0,0,0,0,0,0,0,4.05,1.77,1.32,1.01,4.05,1.77,1.32,1.77,1.32,1.01,4.05,1.77,1.77,1.32,1.32,1.01,4.05,1.77,1.32,1.01,0,0,0,0,0,0,0,0,0,0,0,0,0,0,0,0,0,0,0,0,0,0,0,0,0,0,0,0,0,0,0,0,0,0,0,0,0,0,0,0,0,0,0,0,0,0,0,0,0,0,0,0,0,0,0,0,0,0,0,0,0.1,0.1,0.1,0.1,0.1,0.1,0.1,0.1,0.1,0.1,0,0,0,0,0,0,0,0,0,0,0,0,0,0,0,0,0,0,0,0,0,0,0,0,0,0,0,0,0,0,0,0,0,0,0,0,0,0,0,0,0,0,0,0,0,0,0,0,0,0,0,0,0,0,0,0,0,0,0,0,0,0,0,0,0,0,0,0,0,0,0,0,0,0,0,0,0,0,0,0,0,0,0,0,0,0,0,0,0,0,0,0,0,0,0,0,0,0,0,0,0,0,0,0,0,0,0,0,0,0,0]';
ub = [0,0,0,0,0,0,0,0,0,0,0,0,0,0,0,0,0,0,0,0,0,0,0,0,0,0,0,0,0,0,0,0,0,0,0,Inf,Inf,Inf,Inf,Inf,Inf,Inf,Inf,Inf,Inf,Inf,Inf,Inf,Inf,Inf,0,1,1,1,1,1,1,1,1,1,1,1,1,1,1,1,1,1,1,1,1,1,1,1,1,Inf,20,20,20,20,20,20,20,20,20,20,20,20,20,20,20,20,20,20,20,20,20,20,20,20,20,20,20,20,20,20,20,20,20,20,20,20,20,20,20,20,2,2,2,2,2,2,2,2,2,2,2,2,2,2,2,2,2,2,2,2,2,2,2,2,2,2,2,2,2,2,0.6,0.4,0.2,0.4,0.4,0.6,0.4,0.2,0.4,0.4,0.6,0.4,0.2,0.4,0.4,0.6,0.4,0.2,0.4,0.4,0.6,0.4,0.2,0.4,0.4,0.6,0.4,0.2,0.4,0.4,0.6,0.4,0.2,0.4,0.4,0.6,0.4,0.2,0.4,0.4,0.6,0.4,0.2,0.4,0.4,0.6,0.4,0.2,0.4,0.4,0.6,0.4,0.2,0.4,0.4,0.6,0.4,0.2,0.4,0.4,0.6,0.4,0.2,0.4,0.4,0.6,0.4,0.2,0.4,0.4,0.6,0.4,0.2,0.4,0.4,0.6,0.4,0.2,0.4,0.4,0.6,0.4,0.2,0.4,0.4,0.6,0.4,0.2,0.4,0.4,0.6,0.4,0.2,0.4,0.4,0.6,0.4,0.2,0.4,0.4,0.6,0.4,0.2,0.4,0.4,0.6,0.4,0.2,0.4,0.4,0.6,0.4,0.2,0.4,0.4,0.6,0.4,0.2,0.4,0.4,0.6,0.4,0.2,0.4,0.4,0.6,0.4,0.2,0.4,0.4,0.6,0.4,0.2,0.4,0.4,0.6,0.4,0.2,0.4,0.4,0.6,0.4,0.2,0.4,0.4,0.6,0.4,0.2,0.4,0.4,10.49,4.03,1.75,1.3,10.49,4.03,1.75,4.03,1.75,1.3,10.49,4.03,4.03,1.75,1.75,1.3,10.49,4.03,1.75,1.3,1,1,1,1,1,1,1,1,1,1,1,1,1,1,1,1,1,1,1,1,1,1,1,1,1,1,1,1,1,1,10,10,10,10,10,10,10,10,10,10,10,10,10,10,10,10,10,10,10,10,10,10,10,10,10,10,10,10,10,10,25,25,25,25,25,25,25,25,25,25,Inf,Inf,Inf,Inf,Inf,Inf,Inf,Inf,Inf,Inf,Inf,Inf,Inf,Inf,Inf,Inf,Inf,Inf,Inf,Inf,Inf,Inf,Inf,Inf,Inf,Inf,Inf,Inf,Inf,Inf,Inf,Inf,Inf,Inf,Inf,Inf,Inf,Inf,Inf,Inf,Inf,Inf,Inf,Inf,Inf,Inf,Inf,Inf,Inf,Inf,Inf,Inf,Inf,Inf,Inf,Inf,Inf,Inf,Inf,Inf,Inf,100,100,100,100,100,100,100,100,100,100,1000,1000,1000,1000,1000,1000,1000,1000,1000,1000,1000,1000,1000,1000,1000,Inf,Inf,Inf,Inf,Inf,Inf,Inf,Inf,Inf,Inf,Inf,Inf,Inf,Inf,Inf,50,50,50,50,50,50,50,50,50,50]';

% Constraints
nlcon = @(x)[x(1)+x(2)+x(3)+x(4)+x(5)+x(6)+x(7)+x(8)+x(9)+x(10);
             x(11)+x(12)+x(13)+x(14)+x(15)+x(16);
             x(17)+x(18)+x(19)+x(20)+x(21)+x(22);
             x(23)+x(24)+x(25);
             x(26)+x(27)+x(28);
             x(29)+x(30)+x(31);
             x(32);
             x(33);
             x(34);
             x(35);
             x(7)+x(8)+x(9)+x(10);
             x(4)+x(5)+x(6)+x(14)+x(15)+x(16);
             x(20)+x(21)+x(22);
             x(2)+x(3)+x(12)+x(13)+x(24)+x(25);
             x(18)+x(19)+x(27)+x(28);
             x(30)+x(31);
             x(1)+x(2)+x(4)+x(7);
             x(11)+x(12)+x(14);
             x(3)+x(5)+x(8)+x(17)+x(18)+x(20);
             x(23)+x(24);
             x(13)+x(15)+x(26)+x(27);
             x(6)+x(9)+x(19)+x(21)+x(29)+x(30);
             x(1)+x(11)+x(23)+x(32);
             x(17)+x(26)+x(32)+x(33);
             x(25)+x(29)+x(33)+x(34);
             x(16)+x(28)+x(34)+x(35);
             x(10)+x(22)+x(31)+x(35);
             x(1)+x(11)+x(23)+x(32);
             x(17)+x(26)+x(33);
             x(29)+x(34);
             x(35);
             x(32);
             x(25)+x(33);
             x(16)+x(28)+x(34);
             x(10)+x(22)+x(31)+x(35);
             x(1)+x(11)+x(23)+x(32)+x(61);
             x(17)+x(26)+x(33)+x(62);
             x(29)+x(34)+x(63);
             x(35)+x(64);
             x(65);
             x(61);
             x(32)+x(62);
             x(25)+x(33)+x(63);
             x(16)+x(28)+x(34)+x(64);
             x(10)+x(22)+x(31)+x(35)+x(65);
             -x(17)-x(32)-x(62);
             -x(26)-x(32)-x(62);
             -x(32)-x(33)-x(62);
             -x(25)-x(29)-x(63);
             -x(29)-x(33)-x(63);
             -x(25)-x(34)-x(63);
             -x(33)-x(34)-x(63);
             -x(16)-x(35)-x(64);
             -x(28)-x(35)-x(64);
             -x(34)-x(35)-x(64);
             x(7)+x(8)+x(9)+x(10)-x(52);
             x(1)+x(2)+x(4)+x(7)-x(53);
             x(4)+x(5)+x(6)+x(14)+x(15)+x(16)-x(54);
             x(11)+x(12)+x(14)+x(20)+x(21)+x(22)-x(55);
             x(3)+x(5)+x(8)+x(17)+x(18)+x(20)-x(56);
             x(2)+x(3)+x(12)+x(13)+x(24)+x(25)-x(57);
             x(18)+x(19)+x(23)+x(24)+x(27)+x(28)-x(58);
             x(13)+x(15)+x(26)+x(27)+x(30)+x(31)-x(59);
             x(6)+x(9)+x(19)+x(21)+x(29)+x(30)-x(60);
             -x(11)-x(20)-x(55);
             -x(11)-x(21)-x(55);
             -x(11)-x(22)-x(55);
             -x(12)-x(20)-x(55);
             -x(12)-x(21)-x(55);
             -x(12)-x(22)-x(55);
             -x(14)-x(20)-x(55);
             -x(14)-x(21)-x(55);
             -x(14)-x(22)-x(55);
             -x(18)-x(23)-x(58);
             -x(18)-x(24)-x(58);
             -x(19)-x(23)-x(58);
             -x(19)-x(24)-x(58);
             -x(23)-x(27)-x(58);
             -x(24)-x(27)-x(58);
             -x(23)-x(28)-x(58);
             -x(24)-x(28)-x(58);
             -x(13)-x(30)-x(59);
             -x(15)-x(30)-x(59);
             -x(26)-x(30)-x(59);
             -x(27)-x(30)-x(59);
             -x(13)-x(31)-x(59);
             -x(15)-x(31)-x(59);
             -x(26)-x(31)-x(59);
             -x(27)-x(31)-x(59);
             -x(7)+x(11)+x(12)+x(13)+x(14)+x(15)+x(16);
             -x(8)+x(11)+x(12)+x(13)+x(14)+x(15)+x(16);
             -x(9)+x(11)+x(12)+x(13)+x(14)+x(15)+x(16);
             -x(10)+x(11)+x(12)+x(13)+x(14)+x(15)+x(16);
             -x(1)+x(17)+x(18)+x(19)+x(20)+x(21)+x(22);
             -x(2)+x(17)+x(18)+x(19)+x(20)+x(21)+x(22);
             -x(4)+x(17)+x(18)+x(19)+x(20)+x(21)+x(22);
             -x(7)+x(17)+x(18)+x(19)+x(20)+x(21)+x(22);
             -x(4)+x(23)+x(24)+x(25);
             -x(5)+x(23)+x(24)+x(25);
             -x(6)+x(23)+x(24)+x(25);
             -x(14)+x(23)+x(24)+x(25);
             -x(15)+x(23)+x(24)+x(25);
             -x(16)+x(23)+x(24)+x(25);
             -x(11)+x(26)+x(27)+x(28);
             -x(12)+x(26)+x(27)+x(28);
             -x(14)+x(26)+x(27)+x(28);
             -x(20)+x(26)+x(27)+x(28);
             -x(21)+x(26)+x(27)+x(28);
             -x(22)+x(26)+x(27)+x(28);
             -x(3)+x(29)+x(30)+x(31);
             -x(5)+x(29)+x(30)+x(31);
             -x(8)+x(29)+x(30)+x(31);
             -x(17)+x(29)+x(30)+x(31);
