% This BARON input file was generated by the MATLAB/BARON interface.
% The BARON/MATLAB interface was developed by J. Currie.  The interface
% is provided free of charge and with no warranties from The Optimization
% Firm, http://www.minlp.com.
% Interface version: v1.51 [17-Dec-2013]
% File generated: 30-Jan-2014 18:17:13
% Model: bc7

% Objective
fun = @(x)1.45519152283669e-11*x(66)+9.16770659387112e-10*x(67)+9.67702362686396e-9*x(68)+4.89962985739112e-8*x(69)+1.67769030667841e-7*x(70)+4.51560481451452e-7*x(71)+1.03308411780745e-6*x(72)+2.10267899092287e-6*x(73)+3.91878711525351e-6*x(74)+6.81843084748834e-6*x(75)+1.1227690265514e-5*x(76)+1.7672180547379e-5*x(77)+2.67875293502584e-5*x(78)+3.93298541894183e-5*x(79)+5.61862398171797e-5*x(80)+7.83852156018838e-5*x(81)+0.000107107232906856*x(82)+0.000143695142469369*x(83)+0.00018966467177961*x(84)+0.000246714902459644*x(85)+0.000316738747642376*x(86)+0.000401833429350518*x(87)+0.000504310955875553*x(88)+0.0006267085991567*x(89)+0.000771799372159876*x(90)+0.000942602506256662*x(91)+0.00114239392860327*x(92)+0.0013747167395195*x(93)+0.00164339168986771*x(94)+0.00195252765843179*x(95)+0.0023065321292961*x(96)+0.00271012166922446*x(97)+0.00316833240503911*x(98)+0.00368653050099965*x(99)+0.00427042263618205*x(100)+0.00492606648185756*x(101)+0.00565988117887173*x(102)+0.00647865781502333*x(103)+0.00738956990244333*x(104)+0.00840018385497387*x(105)+0.00951846946554724*x(106)+0.0107528103835648*x(107)+0.012112014592276*x(108)+0.0136053248861572*x(109)+0.0152424293482909*x(110)+0.0170334718277445*x(111)+0.0189890624169493*x(112)+0.0211202879290795*x(113)+0.0234387223754311*x(114)+0.025956437442801*x(115)+0.0286860129708657*x(116)+0.0316405474295607*x(117)+0.034833668396459*x(118)+0.0382795430341503*x(119)+0.04199288856762*x(120)+0.045988982761628*x(121)+0.0502836743980879*x(122)+0.0548933937534457*x(123)+0.059835163076059*x(124)+0.0651266070635756*x(125)+0.0707859633403132*x(126)+0.0768320929346373*x(127)+0.0832844907563413*x(128)+0.0901632960740244*x(129);

% Bounds
lb = [0,0,0,0,0,0,0,0,0,0,0,0,0,0,0,0,0,0,0,0,0,0,0,0,0,0,0,0,0,0,0,0,0,0,0,0,0,0,0,0,0,0,0,0,0,0,0,0,0,0,0,0,0,0,0,0,0,0,0,0,0,0,0,0,1,0,0,0,0,0,0,0,0,0,0,0,0,0,0,0,0,0,0,0,0,0,0,0,0,0,0,0,0,0,0,0,0,0,0,0,0,0,0,0,0,0,0,0,0,0,0,0,0,0,0,0,0,0,0,0,0,0,0,0,0,0,0,0,0,0,0,0,0,0,0,0,0,0,0,0,0,0,0,0,0,0,0,0,0,0,0,0,0,0,0,0,0,0,0,0,0,0,0,0,0,0,0,0,0,0,0,0,0,0,0,0,0,0,0,0,0,0,0,0,0,0,0,0,0,0,0,0,0]';
ub = [0,Inf,Inf,Inf,Inf,Inf,Inf,Inf,Inf,Inf,Inf,Inf,Inf,Inf,Inf,Inf,Inf,Inf,Inf,Inf,Inf,Inf,Inf,Inf,Inf,Inf,Inf,Inf,Inf,Inf,Inf,Inf,Inf,Inf,Inf,Inf,Inf,Inf,Inf,Inf,Inf,Inf,Inf,Inf,Inf,Inf,Inf,Inf,Inf,Inf,Inf,Inf,Inf,Inf,Inf,Inf,Inf,Inf,Inf,Inf,Inf,Inf,Inf,Inf,1,100000000,100000000,100000000,100000000,100000000,100000000,100000000,100000000,100000000,100000000,100000000,100000000,100000000,100000000,100000000,100000000,100000000,100000000,100000000,100000000,100000000,100000000,100000000,100000000,100000000,100000000,100000000,100000000,100000000,100000000,100000000,100000000,100000000,100000000,100000000,100000000,100000000,100000000,100000000,100000000,100000000,100000000,100000000,100000000,100000000,100000000,100000000,100000000,100000000,100000000,100000000,100000000,100000000,100000000,100000000,100000000,100000000,100000000,100000000,100000000,100000000,100000000,100000000,100000000,Inf,Inf,Inf,Inf,Inf,Inf,Inf,Inf,Inf,Inf,Inf,Inf,Inf,Inf,Inf,Inf,Inf,Inf,Inf,Inf,Inf,Inf,Inf,Inf,Inf,Inf,Inf,Inf,Inf,Inf,Inf,Inf,Inf,Inf,Inf,Inf,Inf,Inf,Inf,Inf,Inf,Inf,Inf,Inf,Inf,Inf,Inf,Inf,Inf,Inf,Inf,Inf,Inf,Inf,Inf,Inf,Inf,Inf,Inf,Inf,Inf,Inf,Inf,Inf]';

% Constraints
nlcon = @(x)[68719476736*x(1)-68719476736*x(2)+x(130);
             1090785345.01587*x(2)-1090785345.01587*x(3)+x(131);
             103337559.001504*x(3)-103337559.001504*x(4)+x(132);
             20409705.000297*x(4)-20409705.000297*x(5)+x(133);
             5960575.65582444*x(5)-5960575.65582444*x(6)+x(134);
             2214542.77129322*x(6)-2214542.77129322*x(7)+x(135);
             967975.388221374*x(7)-967975.388221374*x(8)+x(136);
             475583.76923769*x(8)-475583.76923769*x(9)+x(137);
             255180.996208647*x(9)-255180.996208647*x(10)+x(138);
             146661.309965234*x(10)-146661.309965234*x(11)+x(139);
             89065.5135964622*x(11)-89065.5135964622*x(12)+x(140);
             56586.1126938472*x(12)-56586.1126938472*x(13)+x(141);
             37330.80370812*x(13)-37330.80370812*x(14)+x(142);
             25425.9778127795*x(14)-25425.9778127795*x(15)+x(143);
             17797.9520119842*x(15)-17797.9520119842*x(16)+x(144);
             12757.5078070713*x(16)-12757.5078070713*x(17)+x(145);
             9336.43763227117*x(17)-9336.43763227117*x(18)+x(146);
             6959.17748377032*x(18)-6959.17748377032*x(19)+x(147);
             5272.46318788349*x(19)-5272.46318788349*x(20)+x(148);
             4053.26143670456*x(20)-4053.26143670456*x(21)+x(149);
             3157.17608736991*x(21)-3157.17608736991*x(22)+x(150);
             2488.59334977754*x(22)-2488.59334977754*x(23)+x(151);
             1982.90358031953*x(23)-1982.90358031953*x(24)+x(152);
             1595.63791105723*x(24)-1595.63791105723*x(25)+x(153);
             1295.67350800183*x(25)-1295.67350800183*x(26)+x(154);
             1060.89257493201*x(26)-1060.89257493201*x(27)+x(155);
             875.354792214832*x(27)-875.354792214832*x(28)+x(156);
             727.42258186914*x(28)-727.42258186914*x(29)+x(157);
             608.497661370368*x(29)-608.497661370368*x(30)+x(158);
             512.156637413868*x(30)-512.156637413868*x(31)+x(159);
             433.55129863514*x(31)-433.55129863514*x(32)+x(160);
             368.987123846053*x(32)-368.987123846053*x(33)+x(161);
             315.62344860329*x(33)-315.62344860329*x(34)+x(162);
             271.257758406946*x(34)-271.257758406946*x(35)+x(163);
             234.168859898618*x(35)-234.168859898618*x(36)+x(164);
             203.001726363813*x(36)-203.001726363813*x(37)+x(165);
             176.682154341506*x(37)-176.682154341506*x(38)+x(166);
             154.352958367566*x(38)-154.352958367566*x(39)+x(167);
             135.325873251345*x(39)-135.325873251345*x(40)+x(168);
             119.045013450257*x(40)-119.045013450257*x(41)+x(169);
             105.058907171953*x(41)-105.058907171953*x(42)+x(170);
             92.9989430045616*x(42)-92.9989430045616*x(43)+x(171);
             82.562648218548*x(43)-82.562648218548*x(44)+x(172);
             73.5006336392199*x(44)-73.5006336392199*x(45)+x(173);
             65.6063398523889*x(45)-65.6063398523889*x(46)+x(174);
             58.7079375310427*x(46)-58.7079375310427*x(47)+x(175);
             52.6618944128288*x(47)-52.6618944128288*x(48)+x(176);
             47.347839355123*x(48)-47.347839355123*x(49)+x(177);
             42.6644415161561*x(49)-42.6644415161561*x(50)+x(178);
             38.5260882662983*x(50)-38.5260882662983*x(51)+x(179);
             34.8601947930382*x(51)-34.8601947930382*x(52)+x(180);
             31.6050157547443*x(52)-31.6050157547443*x(53)+x(181);
             28.7078578293424*x(53)-28.7078578293424*x(54)+x(182);
             26.1236138348849*x(54)-26.1236138348849*x(55)+x(183);
             23.8135559164912*x(55)-23.8135559164912*x(56)+x(184);
             21.7443383164886*x(56)-21.7443383164886*x(57)+x(185);
             19.8871703782655*x(57)-19.8871703782655*x(58)+x(186);
             18.2171283577676*x(58)-18.2171283577676*x(59)+x(187);
             16.7125808402805*x(59)-16.7125808402805*x(60)+x(188);
             15.3547074703863*x(60)-15.3547074703863*x(61)+x(189);
             14.1270945934911*x(61)-14.1270945934911*x(62)+x(190);
             13.0153945025384*x(62)-13.0153945025384*x(63)+x(191);
             12.0070374558166*x(63)-12.0070374558166*x(64)+x(192);
             11.0909876140619*x(64)-11.0909876140619*x(65)+x(193);
             -(137438953472+137438953472*x(130)^2)^0.5+x(66);
             -(2114445438.03077+2114445438.03077*x(131)^2)^0.5+x(67);
