% This BARON input file was generated by the MATLAB/BARON interface.
% The BARON/MATLAB interface was developed by J. Currie.  The interface
% is provided free of charge and with no warranties from The Optimization
% Firm, http://www.minlp.com.
% Interface version: v1.51 [17-Dec-2013]
% File generated: 30-Jan-2014 20:29:34
% Model: britgas

% Objective
fun = @(x)(-1+exp(0.22*log((x(427)^2)^0.5)))*x(232)+(-1+exp(0.22*log((x(428)^2)^0.5)))*x(233)+(-1+exp(0.22*log((x(429)^2)^0.5)))*x(234)+(-1+exp(0.22*log((x(430)^2)^0.5)))*x(235)+(-1+exp(0.22*log((x(431)^2)^0.5)))*x(236)+(-1+exp(0.22*log((x(432)^2)^0.5)))*x(237)+(-1+exp(0.22*log((x(433)^2)^0.5)))*x(238)+(-1+exp(0.22*log((x(434)^2)^0.5)))*x(239)+(-1+exp(0.22*log((x(435)^2)^0.5)))*x(240)+(-1+exp(0.22*log((x(436)^2)^0.5)))*x(241)+(-1+exp(0.22*log((x(437)^2)^0.5)))*x(242)+(-1+exp(0.22*log((x(438)^2)^0.5)))*x(243)+(-1+exp(0.22*log((x(439)^2)^0.5)))*x(244)+(-1+exp(0.22*log((x(440)^2)^0.5)))*x(245)+(-1+exp(0.22*log((x(441)^2)^0.5)))*x(246)+(-1+exp(0.22*log((x(442)^2)^0.5)))*x(247)+(-1+exp(0.22*log((x(443)^2)^0.5)))*x(248)+(-1+exp(0.22*log((x(444)^2)^0.5)))*x(249)+(-1+exp(0.22*log((x(445)^2)^0.5)))*x(250)+(-1+exp(0.22*log((x(446)^2)^0.5)))*x(251)+(-1+exp(0.22*log((x(447)^2)^0.5)))*x(252)+(-1+exp(0.22*log((x(448)^2)^0.5)))*x(253)+(-1+exp(0.22*log((x(449)^2)^0.5)))*x(254)+(-1+exp(0.22*log((x(450)^2)^0.5)))*x(255);

% Bounds
lb = [0,0,0,0,0,0,0,0,0,0,0,0,0,0,0,0,0,0,0,0,0,0,0,0,0,0,0,0,0,0,0,0,0,0,0,0,0,0,0,0,0,0,0,0,0,0,0,0,0,0,0,0,0,0,0,0,0,0,0,0,0,0,0,0,0,0,0,0,0,0,0,0,0,0,0,0,0,0,0,0,0,0,0,0,0,0,0,0,0,0,0,0,0,0,0,0,0,0,0,0,0,0,0,0,0,0,0,0,0,0,0,0,0,0,0,0,0,0,0,0,0,0,0,0,0,0,0,0,0,0,0,0,0,0,0,0,0,0,0,0,0,0,0,0,0,0,0,0,0,0,0,0,0,0,0,0,0,0,0,0,0,0,0,0,0,0,0,0,0,0,0,0,0,0,0,0,0,0,0,0,0,0,0,0,0,0,0,0,0,0,0,0,0,0,0,0,0,0,0,0,0,0,0,0,0,0,0,0,0,0,0,0,0,0,0,0,0,0,0,0,0,0,0,0,0,0,0,0,0,0,0,0,0,0,0,0,0,0,0,0,0,0,0,0,0,0,0,0,0,0,0,0,0,0,0,1e-16,1e-16,1e-16,1e-16,1e-16,1e-16,1e-16,1e-16,1e-16,1e-16,1e-16,1e-16,1e-16,1e-16,1e-16,1e-16,1e-16,1e-16,1e-16,1e-16,1e-16,1e-16,1e-16,1e-16,1e-16,1e-16,1e-16,1e-16,1e-16,1e-16,1e-16,1e-16,1e-16,1e-16,1e-16,1e-16,1e-16,1e-16,1e-16,1e-16,1e-16,1e-16,1e-16,1e-16,1e-16,1e-16,1e-16,1e-16,1e-16,1e-16,1e-16,1e-16,1e-16,1e-16,1e-16,1e-16,1e-16,1e-16,1e-16,1e-16,1e-16,1e-16,1e-16,1e-16,1e-16,1e-16,1e-16,1e-16,1e-16,1e-16,1e-16,1e-16,1e-16,1e-16,1e-16,1e-16,1e-16,1e-16,1e-16,1e-16,1e-16,1e-16,1e-16,1e-16,1e-16,1e-16,1e-16,1e-16,1e-16,1e-16,1e-16,1e-16,1e-16,1e-16,1e-16,1e-16,1e-16,1e-16,1e-16,1e-16,1e-16,1e-16,1e-16,1e-16,1e-16,1e-16,1e-16,1e-16,1e-16,1e-16,1e-16,1e-16,1e-16,1e-16,1e-16,1e-16,1e-16,1e-16,1e-16,1e-16,1e-16,1e-16,1e-16,1e-16,1e-16,1e-16,1e-16,1e-16,1e-16,1e-16,1e-16,1e-16,1e-16,1e-16,1e-16,1e-16,1e-16,1e-16,1e-16,1e-16,1e-16,1e-16,1e-16,1e-16,1e-16,1e-16,1e-16,1e-16,1e-16,1e-16,1e-16,1e-16,1e-16,1e-16,1e-16,1e-16,1e-16,1e-16,1e-16,1e-16,1e-16,1e-16,1e-16,1e-16,1e-16,1e-16,1e-16,1e-16,1e-16,1e-16,1e-16,1,1,1,1,1,1,1,1,1,1,1,1,1,1,1,1,1,1,1,1,1,1,1,1]';
ub = [Inf,Inf,Inf,Inf,Inf,Inf,Inf,Inf,Inf,Inf,Inf,Inf,Inf,Inf,Inf,Inf,Inf,Inf,Inf,Inf,Inf,Inf,Inf,Inf,Inf,Inf,Inf,Inf,Inf,Inf,Inf,Inf,Inf,Inf,Inf,Inf,Inf,Inf,Inf,Inf,Inf,Inf,Inf,Inf,Inf,Inf,Inf,Inf,Inf,Inf,Inf,Inf,Inf,Inf,Inf,Inf,Inf,Inf,Inf,Inf,Inf,Inf,Inf,Inf,Inf,Inf,Inf,Inf,Inf,Inf,Inf,Inf,Inf,Inf,Inf,Inf,Inf,Inf,Inf,Inf,Inf,Inf,Inf,Inf,Inf,Inf,Inf,Inf,Inf,Inf,Inf,Inf,Inf,Inf,Inf,Inf,Inf,Inf,Inf,Inf,Inf,Inf,Inf,Inf,Inf,Inf,Inf,Inf,Inf,Inf,Inf,Inf,Inf,Inf,Inf,Inf,Inf,Inf,Inf,Inf,Inf,Inf,Inf,Inf,Inf,Inf,Inf,Inf,Inf,Inf,Inf,Inf,Inf,Inf,Inf,Inf,Inf,Inf,Inf,Inf,Inf,Inf,Inf,Inf,Inf,Inf,Inf,Inf,Inf,Inf,Inf,Inf,Inf,Inf,Inf,Inf,Inf,Inf,Inf,Inf,Inf,Inf,Inf,Inf,Inf,Inf,Inf,Inf,Inf,Inf,Inf,Inf,Inf,Inf,Inf,Inf,Inf,Inf,Inf,Inf,Inf,Inf,Inf,Inf,Inf,Inf,Inf,Inf,Inf,Inf,Inf,Inf,Inf,Inf,Inf,Inf,Inf,Inf,Inf,Inf,Inf,Inf,Inf,Inf,Inf,Inf,Inf,Inf,Inf,Inf,Inf,Inf,Inf,Inf,Inf,Inf,Inf,Inf,Inf,Inf,Inf,Inf,Inf,Inf,Inf,Inf,Inf,Inf,Inf,Inf,Inf,Inf,Inf,Inf,Inf,Inf,Inf,Inf,Inf,Inf,Inf,Inf,Inf,Inf,Inf,Inf,Inf,Inf,Inf,Inf,Inf,Inf,Inf,Inf,Inf,Inf,Inf,Inf,Inf,Inf,Inf,Inf,Inf,Inf,Inf,Inf,Inf,Inf,Inf,Inf,Inf,Inf,Inf,Inf,Inf,Inf,Inf,Inf,Inf,Inf,Inf,Inf,Inf,Inf,Inf,Inf,Inf,Inf,Inf,Inf,Inf,Inf,Inf,Inf,Inf,Inf,Inf,Inf,Inf,Inf,Inf,Inf,Inf,Inf,Inf,Inf,Inf,Inf,Inf,Inf,Inf,Inf,Inf,Inf,Inf,Inf,Inf,Inf,Inf,Inf,Inf,Inf,Inf,Inf,Inf,Inf,Inf,Inf,Inf,Inf,Inf,Inf,Inf,Inf,Inf,Inf,Inf,Inf,Inf,Inf,Inf,Inf,Inf,Inf,Inf,Inf,Inf,Inf,Inf,Inf,Inf,Inf,Inf,Inf,Inf,Inf,Inf,Inf,Inf,Inf,Inf,Inf,Inf,Inf,Inf,Inf,Inf,Inf,Inf,Inf,Inf,Inf,Inf,Inf,Inf,Inf,Inf,Inf,Inf,Inf,Inf,Inf,Inf,Inf,Inf,Inf,Inf,Inf,Inf,Inf,Inf,Inf,Inf,Inf,Inf,Inf,Inf,Inf,Inf,Inf,Inf,Inf,Inf,Inf,Inf,Inf,Inf,Inf,Inf,Inf,Inf,Inf,Inf,Inf,Inf,Inf,Inf,Inf,Inf,Inf,Inf,Inf,Inf,Inf,Inf,Inf,10,10,10,10,10,10,10,10,10,10,10,10,10,10,10,10,10,10,10,10,10,10,10,10]';

% Constraints
