% This BARON input file was generated by the MATLAB/BARON interface.
% The BARON/MATLAB interface was developed by J. Currie.  The interface
% is provided free of charge and with no warranties from The Optimization
% Firm, http://www.minlp.com.
% Interface version: v1.51 [17-Dec-2013]
% File generated: 31-Jan-2014 12:40:52
% Model: maxmineig1

% Objective
fun = @(x)-1.08828*x(2)-1.05718*x(3)-0.228192*x(4)+1.30634*x(5)+0.65168*x(6)+1.260084*x(7)+0.469946*x(8)+0.34633*x(9)-2.809918*x(10)-3.586448*x(12)-0.972156*x(13)+1.285152*x(14)-3.645282*x(15)-0.38707*x(16)-1.048474*x(17)-0.627214*x(18)-3.746396*x(19)+4.027804*x(20)-3.29591*x(23)-4.485358*x(24)+1.217538*x(25)-0.095654*x(26)-0.943638*x(27)+0.621584*x(28)+1.716882*x(29)+2.250502*x(30)-1.323736*x(34)-2.264256*x(35)-0.875896*x(36)-1.144872*x(37)+0.163352*x(38)-0.966758*x(39)-3.761826*x(40)-1.477326*x(45)-1.132984*x(46)+1.461894*x(47)-5.21283*x(48)+3.950838*x(49)-1.46395*x(50)-4.341016*x(56)+1.031632*x(57)+1.94693*x(58)-1.343486*x(59)-1.343322*x(60)-4.430323*x(67)-0.825328*x(68)-0.150462*x(69)-0.956186*x(70)-0.964514*x(78)+0.61663*x(79)-4.296174*x(80)-2.642236*x(89)-3.406506*x(90)-0.266262*x(100);

% Bounds
lb = [-Inf,-Inf,-Inf,-Inf,-Inf,-Inf,-Inf,-Inf,-Inf,-Inf,-Inf,-Inf,-Inf,-Inf,-Inf,-Inf,-Inf,-Inf,-Inf,-Inf,-Inf,-Inf,-Inf,-Inf,-Inf,-Inf,-Inf,-Inf,-Inf,-Inf,-Inf,-Inf,-Inf,-Inf,-Inf,-Inf,-Inf,-Inf,-Inf,-Inf,-Inf,-Inf,-Inf,-Inf,-Inf,-Inf,-Inf,-Inf,-Inf,-Inf,-Inf,-Inf,-Inf,-Inf,-Inf,-Inf,-Inf,-Inf,-Inf,-Inf,-Inf,-Inf,-Inf,-Inf,-Inf,-Inf,-Inf,-Inf,-Inf,-Inf,-Inf,-Inf,-Inf,-Inf,-Inf,-Inf,-Inf,-Inf,-Inf,-Inf,-Inf,-Inf,-Inf,-Inf,-Inf,-Inf,-Inf,-Inf,-Inf,-Inf,-Inf,-Inf,-Inf,-Inf,-Inf,-Inf,-Inf,-Inf,-Inf,-Inf,1e-06,1e-06,1e-06,1e-06,1e-06,1e-06,1e-06,1e-06,1e-06,1e-06,1e-06,1e-06,1e-06,1e-06,1e-06,1e-06,1e-06,1e-06,1e-06,1e-06,1e-06,1e-06,1e-06,1e-06,1e-06,1e-06,1e-06,1e-06,1e-06,1e-06,1e-06,1e-06,1e-06,1e-06,1e-06,1e-06,1e-06,1e-06,1e-06,1e-06,1e-06,1e-06,1e-06,1e-06,1e-06,1e-06,1e-06,1e-06,1e-06,1e-06,1e-06,1e-06,1e-06,1e-06,1e-06,1e-07,1e-07,1e-07,1e-07,1e-07,1e-07,1e-07,1e-07,1e-07,1e-07,1e-07,1e-07,1e-07,1e-07,1e-07,1e-07,1e-07,1e-07,1e-07,1e-07,1e-07,1e-07,1e-07,1e-07,1e-07,1e-07,1e-07,1e-07,1e-07,1e-07,1e-07,1e-07,1e-07,1e-07,1e-07,1e-07,1e-07,1e-07,1e-07,1e-07,1e-07,1e-07,1e-07,1e-07,1e-07]';
ub = [Inf,Inf,Inf,Inf,Inf,Inf,Inf,Inf,Inf,Inf,Inf,Inf,Inf,Inf,Inf,Inf,Inf,Inf,Inf,Inf,Inf,Inf,Inf,Inf,Inf,Inf,Inf,Inf,Inf,Inf,Inf,Inf,Inf,Inf,Inf,Inf,Inf,Inf,Inf,Inf,Inf,Inf,Inf,Inf,Inf,Inf,Inf,Inf,Inf,Inf,Inf,Inf,Inf,Inf,Inf,Inf,Inf,Inf,Inf,Inf,Inf,Inf,Inf,Inf,Inf,Inf,Inf,Inf,Inf,Inf,Inf,Inf,Inf,Inf,Inf,Inf,Inf,Inf,Inf,Inf,Inf,Inf,Inf,Inf,Inf,Inf,Inf,Inf,Inf,Inf,Inf,Inf,Inf,Inf,Inf,Inf,Inf,Inf,Inf,Inf,Inf,Inf,Inf,Inf,Inf,Inf,Inf,Inf,Inf,Inf,Inf,Inf,Inf,Inf,Inf,Inf,Inf,Inf,Inf,Inf,Inf,Inf,Inf,Inf,Inf,Inf,Inf,Inf,Inf,Inf,Inf,Inf,Inf,Inf,Inf,Inf,Inf,Inf,Inf,Inf,Inf,Inf,Inf,Inf,Inf,Inf,Inf,Inf,Inf,Inf,Inf,Inf,Inf,Inf,Inf,Inf,Inf,Inf,Inf,Inf,Inf,Inf,Inf,Inf,Inf,Inf,Inf,Inf,Inf,Inf,Inf,Inf,Inf,Inf,Inf,Inf,Inf,Inf,Inf,Inf,Inf,Inf,Inf,Inf,Inf,Inf,Inf,Inf,Inf,Inf,Inf,Inf,Inf,Inf,Inf,Inf,Inf,Inf,Inf,Inf]';

% Constraints
nlcon = @(x)[x(1)+2*x(2)+2*x(3)+2*x(4)+2*x(5)+2*x(6)+2*x(7)+2*x(8)+2*x(9)+2*x(10)+x(12)+2*x(13)+2*x(14)+2*x(15)+2*x(16)+2*x(17)+2*x(18)+2*x(19)+2*x(20)+x(23)+2*x(24)+2*x(25)+2*x(26)+2*x(27)+2*x(28)+2*x(29)+2*x(30)+x(34)+2*x(35)+2*x(36)+2*x(37)+2*x(38)+2*x(39)+2*x(40)+x(45)+2*x(46)+2*x(47)+2*x(48)+2*x(49)+2*x(50)+x(56)+2*x(57)+2*x(58)+2*x(59)+2*x(60)+x(67)+2*x(68)+2*x(69)+2*x(70)+x(78)+2*x(79)+2*x(80)+x(89)+2*x(90)+x(100);
             x(1)+2*x(2)+2*x(3)+2*x(4)+2*x(5)+2*x(6)+2*x(7)+2*x(8)+2*x(9)+2*x(10)+x(12)+2*x(13)+2*x(14)+2*x(15)+2*x(16)+2*x(17)+2*x(18)+2*x(19)+2*x(20)+x(23)+2*x(24)+2*x(25)+2*x(26)+2*x(27)+2*x(28)+2*x(29)+2*x(30)+x(34)+2*x(35)+2*x(36)+2*x(37)+2*x(38)+2*x(39)+2*x(40)+x(45)+2*x(46)+2*x(47)+2*x(48)+2*x(49)+2*x(50)+x(56)+2*x(57)+2*x(58)+2*x(59)+2*x(60)+x(67)+2*x(68)+2*x(69)+2*x(70)+x(78)+2*x(79)+2*x(80)+x(89)+2*x(90)+x(100);
             x(1)+2*x(2)+2*x(3)+2*x(4)+2*x(5)+2*x(6)+2*x(7)+2*x(8)+2*x(9)+2*x(10)+x(12)+2*x(13)+2*x(14)+2*x(15)+2*x(16)+2*x(17)+2*x(18)+2*x(19)+2*x(20)+x(23)+2*x(24)+2*x(25)+2*x(26)+2*x(27)+2*x(28)+2*x(29)+2*x(30)+x(34)+2*x(35)+2*x(36)+2*x(37)+2*x(38)+2*x(39)+2*x(40)+x(45)+2*x(46)+2*x(47)+2*x(48)+2*x(49)+2*x(50)+x(56)+2*x(57)+2*x(58)+2*x(59)+2*x(60)+x(67)+2*x(68)+2*x(69)+2*x(70)+x(78)+2*x(79)+2*x(80)+x(89)+2*x(90)+x(100);
             x(1)+2*x(2)+2*x(3)+2*x(4)+2*x(5)+2*x(6)+2*x(7)+2*x(8)+2*x(9)+2*x(10)+x(12)+2*x(13)+2*x(14)+2*x(15)+2*x(16)+2*x(17)+2*x(18)+2*x(19)+2*x(20)+x(23)+2*x(24)+2*x(25)+2*x(26)+2*x(27)+2*x(28)+2*x(29)+2*x(30)+x(34)+2*x(35)+2*x(36)+2*x(37)+2*x(38)+2*x(39)+2*x(40)+x(45)+2*x(46)+2*x(47)+2*x(48)+2*x(49)+2*x(50)+x(56)+2*x(57)+2*x(58)+2*x(59)+2*x(60)+x(67)+2*x(68)+2*x(69)+2*x(70)+x(78)+2*x(79)+2*x(80)+x(89)+2*x(90)+x(100);
             x(1)+2*x(2)+2*x(3)+2*x(4)+2*x(5)+2*x(6)+2*x(7)+2*x(8)+2*x(9)+2*x(10)+x(12)+2*x(13)+2*x(14)+2*x(15)+2*x(16)+2*x(17)+2*x(18)+2*x(19)+2*x(20)+x(23)+2*x(24)+2*x(25)+2*x(26)+2*x(27)+2*x(28)+2*x(29)+2*x(30)+x(34)+2*x(35)+2*x(36)+2*x(37)+2*x(38)+2*x(39)+2*x(40)+x(45)+2*x(46)+2*x(47)+2*x(48)+2*x(49)+2*x(50)+x(56)+2*x(57)+2*x(58)+2*x(59)+2*x(60)+x(67)+2*x(68)+2*x(69)+2*x(70)+x(78)+2*x(79)+2*x(80)+x(89)+2*x(90)+x(100);
             x(1)+2*x(2)+2*x(3)+2*x(4)+2*x(5)+2*x(6)+2*x(7)+2*x(8)+2*x(9)+2*x(10)+x(12)+2*x(13)+2*x(14)+2*x(15)+2*x(16)+2*x(17)+2*x(18)+2*x(19)+2*x(20)+x(23)+2*x(24)+2*x(25)+2*x(26)+2*x(27)+2*x(28)+2*x(29)+2*x(30)+x(34)+2*x(35)+2*x(36)+2*x(37)+2*x(38)+2*x(39)+2*x(40)+x(45)+2*x(46)+2*x(47)+2*x(48)+2*x(49)+2*x(50)+x(56)+2*x(57)+2*x(58)+2*x(59)+2*x(60)+x(67)+2*x(68)+2*x(69)+2*x(70)+x(78)+2*x(79)+2*x(80)+x(89)+2*x(90)+x(100);
             x(1)+2*x(2)+2*x(3)+2*x(4)+2*x(5)+2*x(6)+2*x(7)+2*x(8)+2*x(9)+2*x(10)+x(12)+2*x(13)+2*x(14)+2*x(15)+2*x(16)+2*x(17)+2*x(18)+2*x(19)+2*x(20)+x(23)+2*x(24)+2*x(25)+2*x(26)+2*x(27)+2*x(28)+2*x(29)+2*x(30)+x(34)+2*x(35)+2*x(36)+2*x(37)+2*x(38)+2*x(39)+2*x(40)+x(45)+2*x(46)+2*x(47)+2*x(48)+2*x(49)+2*x(50)+x(56)+2*x(57)+2*x(58)+2*x(59)+2*x(60)+x(67)+2*x(68)+2*x(69)+2*x(70)+x(78)+2*x(79)+2*x(80)+x(89)+2*x(90)+x(100);
             x(1)+2*x(2)+2*x(3)+2*x(4)+2*x(5)+2*x(6)+2*x(7)+2*x(8)+2*x(9)+2*x(10)+x(12)+2*x(13)+2*x(14)+2*x(15)+2*x(16)+2*x(17)+2*x(18)+2*x(19)+2*x(20)+x(23)+2*x(24)+2*x(25)+2*x(26)+2*x(27)+2*x(28)+2*x(29)+2*x(30)+x(34)+2*x(35)+2*x(36)+2*x(37)+2*x(38)+2*x(39)+2*x(40)+x(45)+2*x(46)+2*x(47)+2*x(48)+2*x(49)+2*x(50)+x(56)+2*x(57)+2*x(58)+2*x(59)+2*x(60)+x(67)+2*x(68)+2*x(69)+2*x(70)+x(78)+2*x(79)+2*x(80)+x(89)+2*x(90)+x(100);
             x(1)+2*x(2)+2*x(3)+2*x(4)+2*x(5)+2*x(6)+2*x(7)+2*x(8)+2*x(9)+2*x(10)+x(12)+2*x(13)+2*x(14)+2*x(15)+2*x(16)+2*x(17)+2*x(18)+2*x(19)+2*x(20)+x(23)+2*x(24)+2*x(25)+2*x(26)+2*x(27)+2*x(28)+2*x(29)+2*x(30)+x(34)+2*x(35)+2*x(36)+2*x(37)+2*x(38)+2*x(39)+2*x(40)+x(45)+2*x(46)+2*x(47)+2*x(48)+2*x(49)+2*x(50)+x(56)+2*x(57)+2*x(58)+2*x(59)+2*x(60)+x(67)+2*x(68)+2*x(69)+2*x(70)+x(78)+2*x(79)+2*x(80)+x(89)+2*x(90)+x(100);
             x(1)+2*x(2)+2*x(3)+2*x(4)+2*x(5)+2*x(6)+2*x(7)+2*x(8)+2*x(9)+2*x(10)+x(12)+2*x(13)+2*x(14)+2*x(15)+2*x(16)+2*x(17)+2*x(18)+2*x(19)+2*x(20)+x(23)+2*x(24)+2*x(25)+2*x(26)+2*x(27)+2*x(28)+2*x(29)+2*x(30)+x(34)+2*x(35)+2*x(36)+2*x(37)+2*x(38)+2*x(39)+2*x(40)+x(45)+2*x(46)+2*x(47)+2*x(48)+2*x(49)+2*x(50)+x(56)+2*x(57)+2*x(58)+2*x(59)+2*x(60)+x(67)+2*x(68)+2*x(69)+2*x(70)+x(78)+2*x(79)+2*x(80)+x(89)+2*x(90)+x(100);
             -x(1)+x(101);
             -x(11)+x(102);
             x(102)*x(156)-x(12)+x(103);
             -x(21)+x(104);
             x(104)*x(156)-x(22)+x(105);
             x(104)*x(157)+x(105)*x(165)-x(23)+x(106);
             -x(31)+x(107);
             x(107)*x(156)-x(32)+x(108);
             x(107)*x(157)+x(108)*x(165)-x(33)+x(109);
             x(107)*x(158)+x(108)*x(166)+x(109)*x(173)-x(34)+x(110);
             -x(41)+x(111);
             x(111)*x(156)-x(42)+x(112);
             x(111)*x(157)+x(112)*x(165)-x(43)+x(113);
             x(111)*x(158)+x(112)*x(166)+x(113)*x(173)-x(44)+x(114);
