% This BARON input file was generated by the MATLAB/BARON interface.
% The BARON/MATLAB interface was developed by J. Currie.  The interface
% is provided free of charge and with no warranties from The Optimization
% Firm, http://www.minlp.com.
% Interface version: v1.51 [17-Dec-2013]
% File generated: 31-Jan-2014 13:53:36
% Model: oet3

% Objective
fun = @(x)x(1);

% Bounds
lb = [-Inf,-Inf,-Inf,-Inf]';
ub = [Inf,Inf,Inf,Inf]';

% Constraints
nlcon = @(x)[x(1)-x(2)-0.002*x(3)-4e-6*x(4);
             x(1)-x(2)-0.004*x(3)-1.6e-5*x(4);
             x(1)-x(2)-0.006*x(3)-3.6e-5*x(4);
             x(1)-x(2)-0.008*x(3)-6.4e-5*x(4);
             x(1)-x(2)-0.01*x(3)-0.0001*x(4);
             x(1)-x(2)-0.012*x(3)-0.000144*x(4);
             x(1)-x(2)-0.014*x(3)-0.000196*x(4);
             x(1)-x(2)-0.016*x(3)-0.000256*x(4);
             x(1)-x(2)-0.018*x(3)-0.000324*x(4);
             x(1)-x(2)-0.02*x(3)-0.0004*x(4);
             x(1)-x(2)-0.022*x(3)-0.000484*x(4);
             x(1)-x(2)-0.024*x(3)-0.000576*x(4);
             x(1)-x(2)-0.026*x(3)-0.000676*x(4);
             x(1)-x(2)-0.028*x(3)-0.000784*x(4);
             x(1)-x(2)-0.03*x(3)-0.0009*x(4);
             x(1)-x(2)-0.032*x(3)-0.001024*x(4);
             x(1)-x(2)-0.034*x(3)-0.001156*x(4);
             x(1)-x(2)-0.036*x(3)-0.001296*x(4);
             x(1)-x(2)-0.038*x(3)-0.001444*x(4);
             x(1)-x(2)-0.04*x(3)-0.0016*x(4);
             x(1)-x(2)-0.042*x(3)-0.001764*x(4);
             x(1)-x(2)-0.044*x(3)-0.001936*x(4);
             x(1)-x(2)-0.046*x(3)-0.002116*x(4);
             x(1)-x(2)-0.048*x(3)-0.002304*x(4);
             x(1)-x(2)-0.05*x(3)-0.0025*x(4);
             x(1)-x(2)-0.052*x(3)-0.002704*x(4);
             x(1)-x(2)-0.054*x(3)-0.002916*x(4);
             x(1)-x(2)-0.056*x(3)-0.003136*x(4);
             x(1)-x(2)-0.058*x(3)-0.003364*x(4);
             x(1)-x(2)-0.06*x(3)-0.0036*x(4);
             x(1)-x(2)-0.062*x(3)-0.003844*x(4);
             x(1)-x(2)-0.064*x(3)-0.004096*x(4);
             x(1)-x(2)-0.066*x(3)-0.004356*x(4);
             x(1)-x(2)-0.068*x(3)-0.004624*x(4);
             x(1)-x(2)-0.07*x(3)-0.0049*x(4);
             x(1)-x(2)-0.072*x(3)-0.005184*x(4);
             x(1)-x(2)-0.074*x(3)-0.005476*x(4);
             x(1)-x(2)-0.076*x(3)-0.005776*x(4);
             x(1)-x(2)-0.078*x(3)-0.006084*x(4);
             x(1)-x(2)-0.08*x(3)-0.0064*x(4);
             x(1)-x(2)-0.082*x(3)-0.006724*x(4);
             x(1)-x(2)-0.084*x(3)-0.007056*x(4);
             x(1)-x(2)-0.086*x(3)-0.007396*x(4);
             x(1)-x(2)-0.088*x(3)-0.007744*x(4);
             x(1)-x(2)-0.09*x(3)-0.0081*x(4);
             x(1)-x(2)-0.092*x(3)-0.008464*x(4);
             x(1)-x(2)-0.094*x(3)-0.008836*x(4);
             x(1)-x(2)-0.096*x(3)-0.009216*x(4);
             x(1)-x(2)-0.098*x(3)-0.009604*x(4);
             x(1)-x(2)-0.1*x(3)-0.01*x(4);
             x(1)-x(2)-0.102*x(3)-0.010404*x(4);
             x(1)-x(2)-0.104*x(3)-0.010816*x(4);
             x(1)-x(2)-0.106*x(3)-0.011236*x(4);
             x(1)-x(2)-0.108*x(3)-0.011664*x(4);
             x(1)-x(2)-0.11*x(3)-0.0121*x(4);
             x(1)-x(2)-0.112*x(3)-0.012544*x(4);
             x(1)-x(2)-0.114*x(3)-0.012996*x(4);
             x(1)-x(2)-0.116*x(3)-0.013456*x(4);
             x(1)-x(2)-0.118*x(3)-0.013924*x(4);
             x(1)-x(2)-0.12*x(3)-0.0144*x(4);
             x(1)-x(2)-0.122*x(3)-0.014884*x(4);
             x(1)-x(2)-0.124*x(3)-0.015376*x(4);
             x(1)-x(2)-0.126*x(3)-0.015876*x(4);
             x(1)-x(2)-0.128*x(3)-0.016384*x(4);
             x(1)-x(2)-0.13*x(3)-0.0169*x(4);
             x(1)-x(2)-0.132*x(3)-0.017424*x(4);
             x(1)-x(2)-0.134*x(3)-0.017956*x(4);
             x(1)-x(2)-0.136*x(3)-0.018496*x(4);
             x(1)-x(2)-0.138*x(3)-0.019044*x(4);
             x(1)-x(2)-0.14*x(3)-0.0196*x(4);
             x(1)-x(2)-0.142*x(3)-0.020164*x(4);
             x(1)-x(2)-0.144*x(3)-0.020736*x(4);
             x(1)-x(2)-0.146*x(3)-0.021316*x(4);
             x(1)-x(2)-0.148*x(3)-0.021904*x(4);
             x(1)-x(2)-0.15*x(3)-0.0225*x(4);
             x(1)-x(2)-0.152*x(3)-0.023104*x(4);
             x(1)-x(2)-0.154*x(3)-0.023716*x(4);
             x(1)-x(2)-0.156*x(3)-0.024336*x(4);
             x(1)-x(2)-0.158*x(3)-0.024964*x(4);
             x(1)-x(2)-0.16*x(3)-0.0256*x(4);
             x(1)-x(2)-0.162*x(3)-0.026244*x(4);
             x(1)-x(2)-0.164*x(3)-0.026896*x(4);
             x(1)-x(2)-0.166*x(3)-0.027556*x(4);
             x(1)-x(2)-0.168*x(3)-0.028224*x(4);
             x(1)-x(2)-0.17*x(3)-0.0289*x(4);
             x(1)-x(2)-0.172*x(3)-0.029584*x(4);
             x(1)-x(2)-0.174*x(3)-0.030276*x(4);
             x(1)-x(2)-0.176*x(3)-0.030976*x(4);
             x(1)-x(2)-0.178*x(3)-0.031684*x(4);
             x(1)-x(2)-0.18*x(3)-0.0324*x(4);
             x(1)-x(2)-0.182*x(3)-0.033124*x(4);
             x(1)-x(2)-0.184*x(3)-0.033856*x(4);
             x(1)-x(2)-0.186*x(3)-0.034596*x(4);
             x(1)-x(2)-0.188*x(3)-0.035344*x(4);
             x(1)-x(2)-0.19*x(3)-0.0361*x(4);
             x(1)-x(2)-0.192*x(3)-0.036864*x(4);
             x(1)-x(2)-0.194*x(3)-0.037636*x(4);
             x(1)-x(2)-0.196*x(3)-0.038416*x(4);
             x(1)-x(2)-0.198*x(3)-0.039204*x(4);
             x(1)-x(2)-0.2*x(3)-0.04*x(4);
             x(1)-x(2)-0.202*x(3)-0.040804*x(4);
             x(1)-x(2)-0.204*x(3)-0.041616*x(4);
             x(1)-x(2)-0.206*x(3)-0.042436*x(4);
             x(1)-x(2)-0.208*x(3)-0.043264*x(4);
             x(1)-x(2)-0.21*x(3)-0.0441*x(4);
             x(1)-x(2)-0.212*x(3)-0.044944*x(4);
             x(1)-x(2)-0.214*x(3)-0.045796*x(4);
             x(1)-x(2)-0.216*x(3)-0.046656*x(4);
             x(1)-x(2)-0.218*x(3)-0.047524*x(4);
             x(1)-x(2)-0.22*x(3)-0.0484*x(4);
             x(1)-x(2)-0.222*x(3)-0.049284*x(4);
             x(1)-x(2)-0.224*x(3)-0.050176*x(4);
             x(1)-x(2)-0.226*x(3)-0.051076*x(4);
             x(1)-x(2)-0.228*x(3)-0.051984*x(4);
             x(1)-x(2)-0.23*x(3)-0.0529*x(4);
             x(1)-x(2)-0.232*x(3)-0.053824*x(4);
             x(1)-x(2)-0.234*x(3)-0.054756*x(4);
             x(1)-x(2)-0.236*x(3)-0.055696*x(4);
             x(1)-x(2)-0.238*x(3)-0.056644*x(4);
             x(1)-x(2)-0.24*x(3)-0.0576*x(4);
             x(1)-x(2)-0.242*x(3)-0.058564*x(4);
             x(1)-x(2)-0.244*x(3)-0.059536*x(4);
             x(1)-x(2)-0.246*x(3)-0.060516*x(4);
             x(1)-x(2)-0.248*x(3)-0.061504*x(4);
             x(1)-x(2)-0.25*x(3)-0.0625*x(4);
             x(1)-x(2)-0.252*x(3)-0.063504*x(4);
             x(1)-x(2)-0.254*x(3)-0.064516*x(4);
             x(1)-x(2)-0.256*x(3)-0.065536*x(4);
             x(1)-x(2)-0.258*x(3)-0.066564*x(4);
             x(1)-x(2)-0.26*x(3)-0.0676*x(4);
             x(1)-x(2)-0.262*x(3)-0.068644*x(4);
             x(1)-x(2)-0.264*x(3)-0.069696*x(4);
             x(1)-x(2)-0.266*x(3)-0.070756*x(4);
             x(1)-x(2)-0.268*x(3)-0.071824*x(4);
             x(1)-x(2)-0.27*x(3)-0.0729*x(4);
             x(1)-x(2)-0.272*x(3)-0.073984*x(4);
             x(1)-x(2)-0.274*x(3)-0.075076*x(4);
             x(1)-x(2)-0.276*x(3)-0.076176*x(4);
             x(1)-x(2)-0.278*x(3)-0.077284*x(4);
             x(1)-x(2)-0.28*x(3)-0.0784*x(4);
             x(1)-x(2)-0.282*x(3)-0.079524*x(4);
             x(1)-x(2)-0.284*x(3)-0.080656*x(4);
             x(1)-x(2)-0.286*x(3)-0.081796*x(4);
             x(1)-x(2)-0.288*x(3)-0.082944*x(4);
             x(1)-x(2)-0.29*x(3)-0.0841*x(4);
             x(1)-x(2)-0.292*x(3)-0.085264*x(4);
             x(1)-x(2)-0.294*x(3)-0.086436*x(4);
             x(1)-x(2)-0.296*x(3)-0.087616*x(4);
             x(1)-x(2)-0.298*x(3)-0.088804*x(4);
             x(1)-x(2)-0.3*x(3)-0.09*x(4);
             x(1)-x(2)-0.302*x(3)-0.091204*x(4);
             x(1)-x(2)-0.304*x(3)-0.092416*x(4);
             x(1)-x(2)-0.306*x(3)-0.093636*x(4);
             x(1)-x(2)-0.308*x(3)-0.094864*x(4);
             x(1)-x(2)-0.31*x(3)-0.0961*x(4);
             x(1)-x(2)-0.312*x(3)-0.097344*x(4);
