% This BARON input file was generated by the MATLAB/BARON interface.
% The BARON/MATLAB interface was developed by J. Currie.  The interface
% is provided free of charge and with no warranties from The Optimization
% Firm, http://www.minlp.com.
% Interface version: v1.51 [17-Dec-2013]
% File generated: 01-Feb-2014 15:36:28
% Model: ssebnln

% Objective
fun = @(x)1000*x(3)+1500*x(4)+1200*x(5)+1200*x(6)+1200*x(7)-1200*x(8)+1000*x(11)+1500*x(12)+1200*x(13)+1200*x(14)+1200*x(15)-1200*x(16)+1000*x(19)+1500*x(20)+1200*x(21)+1200*x(22)+1200*x(23)-1200*x(24)+1000*x(27)+1500*x(28)+1200*x(29)+1200*x(30)+1200*x(31)-1200*x(32)+1000*x(35)+1500*x(36)+1200*x(37)+1200*x(38)+1200*x(39)-1200*x(40)+1000*x(43)+1500*x(44)+1200*x(45)+1200*x(46)+1200*x(47)-1200*x(48)+1000*x(51)+1500*x(52)+1200*x(53)+1200*x(54)+1200*x(55)-1200*x(56)+1000*x(59)+1500*x(60)+1200*x(61)+1200*x(62)+1200*x(63)-1200*x(64)+1000*x(67)+1500*x(68)+1200*x(69)+1200*x(70)+1200*x(71)-1200*x(72)+1000*x(75)+1500*x(76)+1200*x(77)+1200*x(78)+1200*x(79)-1200*x(80)+1000*x(83)+1500*x(84)+1200*x(85)+1200*x(86)+1200*x(87)-1200*x(88)+1000*x(91)+1500*x(92)+1200*x(93)+1200*x(94)+1200*x(95)-1200*x(96)+1000*x(99)+1500*x(100)+1200*x(101)+1200*x(102)+1200*x(103)-1200*x(104)+1000*x(107)+1500*x(108)+1200*x(109)+1200*x(110)+1200*x(111)-1200*x(112)+1000*x(115)+1500*x(116)+1200*x(117)+1200*x(118)+1200*x(119)-1200*x(120)+1000*x(123)+1500*x(124)+1200*x(125)+1200*x(126)+1200*x(127)-1200*x(128)+1000*x(131)+1500*x(132)+1200*x(133)+1200*x(134)+1200*x(135)-1200*x(136)+1000*x(139)+1500*x(140)+1200*x(141)+1200*x(142)+1200*x(143)-1200*x(144)+1000*x(147)+1500*x(148)+1200*x(149)+1200*x(150)+1200*x(151)-1200*x(152)+1000*x(155)+1500*x(156)+1200*x(157)+1200*x(158)+1200*x(159)-1200*x(160)+1000*x(163)+1500*x(164)+1200*x(165)+1200*x(166)+1200*x(167)-1200*x(168)+1000*x(171)+1500*x(172)+1200*x(173)+1200*x(174)+1200*x(175)-1200*x(176)+1000*x(179)+1500*x(180)+1200*x(181)+1200*x(182)+1200*x(183)-1200*x(184)+1000*x(187)+1500*x(188)+1200*x(189)+1200*x(190)+1200*x(191)-1200*x(192);

% Bounds
lb = [240000,3500,70,90,25,0,0,0,180000,0,70,90,25,0,0,0,180000,0,70,90,25,0,0,0,180000,0,70,90,25,0,0,0,180000,0,70,90,25,0,0,0,180000,0,70,90,25,0,0,0,180000,0,70,90,25,0,0,0,180000,0,70,90,25,0,0,0,180000,0,70,90,25,0,0,0,180000,0,70,90,25,0,0,0,180000,0,70,90,25,0,0,0,180000,0,70,90,25,0,0,0,180000,0,70,90,25,0,0,0,180000,0,70,90,25,0,0,0,180000,0,70,90,25,0,0,0,180000,0,70,90,25,0,0,0,180000,0,70,90,25,0,0,0,180000,0,70,90,25,0,0,0,180000,0,70,90,25,0,0,0,180000,0,70,90,25,0,0,0,180000,0,70,90,25,0,0,0,180000,0,70,90,25,0,0,0,180000,0,70,90,25,0,0,0,180000,0,70,90,25,0,0,0,180000,0]';
ub = [240000,3500,325,290,500,Inf,300,225,280000,6000,325,290,500,Inf,300,225,280000,6000,325,290,500,Inf,300,225,280000,6000,325,290,500,Inf,300,225,280000,6000,325,290,500,Inf,300,225,280000,6000,325,290,500,Inf,300,225,280000,6000,325,290,500,Inf,300,225,280000,6000,325,290,500,Inf,300,225,280000,6000,325,290,500,Inf,300,225,280000,6000,325,290,500,Inf,300,225,280000,6000,325,290,500,Inf,300,225,280000,6000,325,290,500,Inf,300,225,280000,6000,325,290,500,Inf,300,225,280000,6000,325,290,500,Inf,300,225,280000,6000,325,290,500,Inf,300,225,280000,6000,325,290,500,Inf,300,225,280000,6000,325,290,500,Inf,300,225,280000,6000,325,290,500,Inf,300,225,280000,6000,325,290,500,Inf,300,225,280000,6000,325,290,500,Inf,300,225,280000,6000,325,290,500,Inf,300,225,280000,6000,325,290,500,Inf,300,225,280000,6000,325,290,500,Inf,300,225,280000,6000,325,290,500,Inf,300,225,280000,6000]';

% Constraints
nlcon = @(x)[-x(1)+x(5)+x(6)+x(9);
             -x(9)+x(13)+x(14)+x(17);
             -x(17)+x(21)+x(22)+x(25);
             -x(25)+x(29)+x(30)+x(33);
             -x(33)+x(37)+x(38)+x(41);
             -x(41)+x(45)+x(46)+x(49);
             -x(49)+x(53)+x(54)+x(57);
             -x(57)+x(61)+x(62)+x(65);
             -x(65)+x(69)+x(70)+x(73);
             -x(73)+x(77)+x(78)+x(81);
             -x(81)+x(85)+x(86)+x(89);
             -x(89)+x(93)+x(94)+x(97);
             -x(97)+x(101)+x(102)+x(105);
             -x(105)+x(109)+x(110)+x(113);
             -x(113)+x(117)+x(118)+x(121);
             -x(121)+x(125)+x(126)+x(129);
             -x(129)+x(133)+x(134)+x(137);
             -x(137)+x(141)+x(142)+x(145);
             -x(145)+x(149)+x(150)+x(153);
             -x(153)+x(157)+x(158)+x(161);
             -x(161)+x(165)+x(166)+x(169);
             -x(169)+x(173)+x(174)+x(177);
             -x(177)+x(181)+x(182)+x(185);
             -x(185)+x(189)+x(190)+x(193);
             -x(2)+x(7)-x(8)+x(10);
             -x(10)+x(15)-x(16)+x(18);
             -x(18)+x(23)-x(24)+x(26);
             -x(26)+x(31)-x(32)+x(34);
             -x(34)+x(39)-x(40)+x(42);
             -x(42)+x(47)-x(48)+x(50);
             -x(50)+x(55)-x(56)+x(58);
             -x(58)+x(63)-x(64)+x(66);
             -x(66)+x(71)-x(72)+x(74);
             -x(74)+x(79)-x(80)+x(82);
             -x(82)+x(87)-x(88)+x(90);
             -x(90)+x(95)-x(96)+x(98);
             -x(98)+x(103)-x(104)+x(106);
             -x(106)+x(111)-x(112)+x(114);
             -x(114)+x(119)-x(120)+x(122);
             -x(122)+x(127)-x(128)+x(130);
             -x(130)+x(135)-x(136)+x(138);
             -x(138)+x(143)-x(144)+x(146);
             -x(146)+x(151)-x(152)+x(154);
             -x(154)+x(159)-x(160)+x(162);
             -x(162)+x(167)-x(168)+x(170);
             -x(170)+x(175)-x(176)+x(178);
             -x(178)+x(183)-x(184)+x(186);
             -x(186)+x(191)-x(192)+x(194);
             -x(3)-x(4)-x(5)-x(7)+1.33*x(8);
             -x(11)-x(12)-x(13)-x(15)+1.33*x(16);
             -x(19)-x(20)-x(21)-x(23)+1.33*x(24);
             -x(27)-x(28)-x(29)-x(31)+1.33*x(32);
             -x(35)-x(36)-x(37)-x(39)+1.33*x(40);
             -x(43)-x(44)-x(45)-x(47)+1.33*x(48);
             -x(51)-x(52)-x(53)-x(55)+1.33*x(56);
             -x(59)-x(60)-x(61)-x(63)+1.33*x(64);
             -x(67)-x(68)-x(69)-x(71)+1.33*x(72);
             -x(75)-x(76)-x(77)-x(79)+1.33*x(80);
             -x(83)-x(84)-x(85)-x(87)+1.33*x(88);
             -x(91)-x(92)-x(93)-x(95)+1.33*x(96);
             -x(99)-x(100)-x(101)-x(103)+1.33*x(104);
             -x(107)-x(108)-x(109)-x(111)+1.33*x(112);
             -x(115)-x(116)-x(117)-x(119)+1.33*x(120);
             -x(123)-x(124)-x(125)-x(127)+1.33*x(128);
             -x(131)-x(132)-x(133)-x(135)+1.33*x(136);
             -x(139)-x(140)-x(141)-x(143)+1.33*x(144);
             -x(147)-x(148)-x(149)-x(151)+1.33*x(152);
             -x(155)-x(156)-x(157)-x(159)+1.33*x(160);
             -x(163)-x(164)-x(165)-x(167)+1.33*x(168);
             -x(171)-x(172)-x(173)-x(175)+1.33*x(176);
             -x(179)-x(180)-x(181)-x(183)+1.33*x(184);
             -x(187)-x(188)-x(189)-x(191)+1.33*x(192);
             x(7)*x(8);
             x(15)*x(16);
             x(23)*x(24);
             x(31)*x(32);
             x(39)*x(40);
             x(47)*x(48);
             x(55)*x(56);
             x(63)*x(64);
             x(71)*x(72);
             x(79)*x(80);
             x(87)*x(88);
             x(95)*x(96);
             x(103)*x(104);
             x(111)*x(112);
             x(119)*x(120);
             x(127)*x(128);
             x(135)*x(136);
             x(143)*x(144);
             x(151)*x(152);
             x(159)*x(160);
             x(167)*x(168);
             x(175)*x(176);
             x(183)*x(184);
             x(191)*x(192)];
cl = [517,517,517,517,517,517,517,517,517,517,517,517,517,517,517,517,517,517,517,517,517,517,517,517,5.17,5.17,5.17,5.17,5.17,5.17,5.17,5.17,5.17,5.17,5.17,5.17,5.17,5.17,5.17,5.17,5.17,5.17,5.17,5.17,5.17,5.17,5.17,5.17,-Inf,-Inf,-Inf,-Inf,-Inf,-Inf,-Inf,-Inf,-Inf,-Inf,-Inf,-Inf,-Inf,-Inf,-Inf,-Inf,-Inf,-Inf,-Inf,-Inf,-Inf,-Inf,-Inf,-Inf,0,0,0,0,0,0,0,0,0,0,0,0,0,0,0,0,0,0,0,0,0,0,0,0]';
