% This BARON input file was generated by the MATLAB/BARON interface.
% The BARON/MATLAB interface was developed by J. Currie.  The interface
% is provided free of charge and with no warranties from The Optimization
% Firm, http://www.minlp.com.
% Interface version: v1.51 [17-Dec-2013]
% File generated: 01-Feb-2014 19:48:15
% Model: trimloss

% Objective
fun = @(x)0.1*x(1)+0.2*x(2)+0.3*x(3)+0.4*x(4)+x(5)+2*x(6)+3*x(7)+4*x(8)+5*x(9)+6*x(10)+7*x(11)+8*x(12)+9*x(13)+10*x(14)+11*x(15)+12*x(16)+13*x(17)+14*x(18)+15*x(19)+x(20)+2*x(21)+3*x(22)+4*x(23)+5*x(24)+6*x(25)+7*x(26)+8*x(27)+9*x(28)+10*x(29)+11*x(30)+12*x(31)+x(32)+2*x(33)+3*x(34)+4*x(35)+5*x(36)+6*x(37)+7*x(38)+8*x(39)+9*x(40)+x(41)+2*x(42)+3*x(43)+4*x(44)+5*x(45)+6*x(46);

% Bounds
lb = [0,0,0,0,0,0,0,0,0,0,0,0,0,0,0,0,0,0,0,0,0,0,0,0,0,0,0,0,0,0,0,0,0,0,0,0,0,0,0,0,0,0,0,0,0,0,0,0,0,0,0,0,0,0,0,0,0,0,0,0,0,0,0,0,0,0,0,0,0,0,0,0,0,0,0,0,0,0,0,0,0,0,0,0,0,0,0,0,0,0,0,0,0,0,0,0,0,0,0,0,0,0,0,0,0,0,0,0,0,0,0,0,0,0,0,0,0,0,0,0,0,0,0,0,0,0,0,0,0,0,0,0,0,0,0,0,0,0,0,0,0,0]';
ub = [1,1,1,1,1,1,1,1,1,1,1,1,1,1,1,1,1,1,1,1,1,1,1,1,1,1,1,1,1,1,1,1,1,1,1,1,1,1,1,1,1,1,1,1,1,1,1,1,1,1,1,1,1,1,1,1,1,1,1,1,1,1,1,1,1,1,1,1,1,1,1,1,1,1,1,1,1,1,1,1,1,1,1,1,1,1,1,1,1,1,1,1,1,1,1,1,1,1,1,1,1,1,1,1,1,1,1,1,1,1,1,1,1,1,1,1,1,1,1,1,1,1,Inf,Inf,Inf,Inf,Inf,Inf,Inf,Inf,Inf,Inf,Inf,Inf,Inf,Inf,Inf,Inf,Inf,Inf,Inf,Inf]';

% Constraints
nlcon = @(x)[x(5)+2*x(6)+3*x(7)+4*x(8)+5*x(9)+6*x(10)+7*x(11)+8*x(12)+9*x(13)+10*x(14)+11*x(15)+12*x(16)+13*x(17)+14*x(18)+15*x(19)+x(20)+2*x(21)+3*x(22)+4*x(23)+5*x(24)+6*x(25)+7*x(26)+8*x(27)+9*x(28)+10*x(29)+11*x(30)+12*x(31)+x(32)+2*x(33)+3*x(34)+4*x(35)+5*x(36)+6*x(37)+7*x(38)+8*x(39)+9*x(40)+x(41)+2*x(42)+3*x(43)+4*x(44)+5*x(45)+6*x(46);
             19*x(1)-x(47)-2*x(48)-3*x(49)-4*x(50)-5*x(51)-x(67)-2*x(68)-3*x(69)-4*x(70)-5*x(71)-x(87)-2*x(88)-3*x(89)-4*x(90)-5*x(91)-x(107)-2*x(108)-3*x(109)-4*x(110);
             19*x(2)-x(52)-2*x(53)-3*x(54)-4*x(55)-5*x(56)-x(72)-2*x(73)-3*x(74)-4*x(75)-5*x(76)-x(92)-2*x(93)-3*x(94)-4*x(95)-5*x(96)-x(111)-2*x(112)-3*x(113)-4*x(114);
             19*x(3)-x(57)-2*x(58)-3*x(59)-4*x(60)-5*x(61)-x(77)-2*x(78)-3*x(79)-4*x(80)-5*x(81)-x(97)-2*x(98)-3*x(99)-4*x(100)-5*x(101)-x(115)-2*x(116)-3*x(117)-4*x(118);
             19*x(4)-x(62)-2*x(63)-3*x(64)-4*x(65)-5*x(66)-x(82)-2*x(83)-3*x(84)-4*x(85)-5*x(86)-x(102)-2*x(103)-3*x(104)-4*x(105)-5*x(106)-x(119)-2*x(120)-3*x(121)-4*x(122);
             2000*x(1)-330*x(47)-660*x(48)-990*x(49)-1320*x(50)-1650*x(51)-365*x(67)-730*x(68)-1095*x(69)-1460*x(70)-1825*x(71)-390*x(87)-780*x(88)-1170*x(89)-1560*x(90)-1950*x(91)-435*x(107)-870*x(108)-1305*x(109)-1740*x(110);
             2000*x(2)-330*x(52)-660*x(53)-990*x(54)-1320*x(55)-1650*x(56)-365*x(72)-730*x(73)-1095*x(74)-1460*x(75)-1825*x(76)-390*x(92)-780*x(93)-1170*x(94)-1560*x(95)-1950*x(96)-435*x(111)-870*x(112)-1305*x(113)-1740*x(114);
             2000*x(3)-330*x(57)-660*x(58)-990*x(59)-1320*x(60)-1650*x(61)-365*x(77)-730*x(78)-1095*x(79)-1460*x(80)-1825*x(81)-390*x(97)-780*x(98)-1170*x(99)-1560*x(100)-1950*x(101)-435*x(115)-870*x(116)-1305*x(117)-1740*x(118);
             2000*x(4)-330*x(62)-660*x(63)-990*x(64)-1320*x(65)-1650*x(66)-365*x(82)-730*x(83)-1095*x(84)-1460*x(85)-1825*x(86)-390*x(102)-780*x(103)-1170*x(104)-1560*x(105)-1950*x(106)-435*x(119)-870*x(120)-1305*x(121)-1740*x(122);
             -1800*x(1)+330*x(47)+660*x(48)+990*x(49)+1320*x(50)+1650*x(51)+365*x(67)+730*x(68)+1095*x(69)+1460*x(70)+1825*x(71)+390*x(87)+780*x(88)+1170*x(89)+1560*x(90)+1950*x(91)+435*x(107)+870*x(108)+1305*x(109)+1740*x(110);
             -1800*x(2)+330*x(52)+660*x(53)+990*x(54)+1320*x(55)+1650*x(56)+365*x(72)+730*x(73)+1095*x(74)+1460*x(75)+1825*x(76)+390*x(92)+780*x(93)+1170*x(94)+1560*x(95)+1950*x(96)+435*x(111)+870*x(112)+1305*x(113)+1740*x(114);
             -1800*x(3)+330*x(57)+660*x(58)+990*x(59)+1320*x(60)+1650*x(61)+365*x(77)+730*x(78)+1095*x(79)+1460*x(80)+1825*x(81)+390*x(97)+780*x(98)+1170*x(99)+1560*x(100)+1950*x(101)+435*x(115)+870*x(116)+1305*x(117)+1740*x(118);
             -1800*x(4)+330*x(62)+660*x(63)+990*x(64)+1320*x(65)+1650*x(66)+365*x(82)+730*x(83)+1095*x(84)+1460*x(85)+1825*x(86)+390*x(102)+780*x(103)+1170*x(104)+1560*x(105)+1950*x(106)+435*x(119)+870*x(120)+1305*x(121)+1740*x(122);
             -x(1)+x(5)+2*x(6)+3*x(7)+4*x(8)+5*x(9)+6*x(10)+7*x(11)+8*x(12)+9*x(13)+10*x(14)+11*x(15)+12*x(16)+13*x(17)+14*x(18)+15*x(19);
             -x(2)+x(20)+2*x(21)+3*x(22)+4*x(23)+5*x(24)+6*x(25)+7*x(26)+8*x(27)+9*x(28)+10*x(29)+11*x(30)+12*x(31);
             -x(3)+x(32)+2*x(33)+3*x(34)+4*x(35)+5*x(36)+6*x(37)+7*x(38)+8*x(39)+9*x(40);
             -x(4)+x(41)+2*x(42)+3*x(43)+4*x(44)+5*x(45)+6*x(46);
             15*x(1)-x(5)-2*x(6)-3*x(7)-4*x(8)-5*x(9)-6*x(10)-7*x(11)-8*x(12)-9*x(13)-10*x(14)-11*x(15)-12*x(16)-13*x(17)-14*x(18)-15*x(19);
             12*x(2)-x(20)-2*x(21)-3*x(22)-4*x(23)-5*x(24)-6*x(25)-7*x(26)-8*x(27)-9*x(28)-10*x(29)-11*x(30)-12*x(31);
             9*x(3)-x(32)-2*x(33)-3*x(34)-4*x(35)-5*x(36)-6*x(37)-7*x(38)-8*x(39)-9*x(40);
             6*x(4)-x(41)-2*x(42)-3*x(43)-4*x(44)-5*x(45)-6*x(46);
             -3*x(5)-8*x(6)-15*x(7)-24*x(8)-35*x(9)-48*x(10)-63*x(11)-80*x(12)-99*x(13)-120*x(14)-143*x(15)-168*x(16)-195*x(17)-224*x(18)-255*x(19)+x(123);
             -3*x(20)-8*x(21)-15*x(22)-24*x(23)-35*x(24)-48*x(25)-63*x(26)-80*x(27)-99*x(28)-120*x(29)-143*x(30)-168*x(31)+x(124);
             -3*x(32)-8*x(33)-15*x(34)-24*x(35)-35*x(36)-48*x(37)-63*x(38)-80*x(39)-99*x(40)+x(125);
             -3*x(41)-8*x(42)-15*x(43)-24*x(44)-35*x(45)-48*x(46)+x(126);
             -3*x(47)-8*x(48)-15*x(49)-24*x(50)-35*x(51)+x(127);
             -3*x(52)-8*x(53)-15*x(54)-24*x(55)-35*x(56)+x(128);
             -3*x(57)-8*x(58)-15*x(59)-24*x(60)-35*x(61)+x(129);
             -3*x(62)-8*x(63)-15*x(64)-24*x(65)-35*x(66)+x(130);
             -3*x(67)-8*x(68)-15*x(69)-24*x(70)-35*x(71)+x(131);
             -3*x(72)-8*x(73)-15*x(74)-24*x(75)-35*x(76)+x(132);
             -3*x(77)-8*x(78)-15*x(79)-24*x(80)-35*x(81)+x(133);
             -3*x(82)-8*x(83)-15*x(84)-24*x(85)-35*x(86)+x(134);
             -3*x(87)-8*x(88)-15*x(89)-24*x(90)-35*x(91)+x(135);
             -3*x(92)-8*x(93)-15*x(94)-24*x(95)-35*x(96)+x(136);
             -3*x(97)-8*x(98)-15*x(99)-24*x(100)-35*x(101)+x(137);
             -3*x(102)-8*x(103)-15*x(104)-24*x(105)-35*x(106)+x(138);
             -3*x(107)-8*x(108)-15*x(109)-24*x(110)+x(139);
             -3*x(111)-8*x(112)-15*x(113)-24*x(114)+x(140);
             -3*x(115)-8*x(116)-15*x(117)-24*x(118)+x(141);
             -3*x(119)-8*x(120)-15*x(121)-24*x(122)+x(142);
             -x(47)-x(48)-x(49)-x(50)-x(51);
             -x(52)-x(53)-x(54)-x(55)-x(56);
             -x(57)-x(58)-x(59)-x(60)-x(61);
             -x(62)-x(63)-x(64)-x(65)-x(66);
             -x(67)-x(68)-x(69)-x(70)-x(71);
             -x(72)-x(73)-x(74)-x(75)-x(76);
             -x(77)-x(78)-x(79)-x(80)-x(81);
             -x(82)-x(83)-x(84)-x(85)-x(86);
             -x(87)-x(88)-x(89)-x(90)-x(91);
             -x(92)-x(93)-x(94)-x(95)-x(96);
             -x(97)-x(98)-x(99)-x(100)-x(101);
             -x(102)-x(103)-x(104)-x(105)-x(106);
             -x(107)-x(108)-x(109)-x(110);
             -x(111)-x(112)-x(113)-x(114);
             -x(115)-x(116)-x(117)-x(118);
             -x(119)-x(120)-x(121)-x(122);
             -x(5)-x(6)-x(7)-x(8)-x(9)-x(10)-x(11)-x(12)-x(13)-x(14)-x(15)-x(16)-x(17)-x(18)-x(19);
             -x(20)-x(21)-x(22)-x(23)-x(24)-x(25)-x(26)-x(27)-x(28)-x(29)-x(30)-x(31);
             -x(32)-x(33)-x(34)-x(35)-x(36)-x(37)-x(38)-x(39)-x(40);
             -x(41)-x(42)-x(43)-x(44)-x(45)-x(46);
             x(17)+x(18)+x(19);
             x(29)+x(30)+x(31);
             x(38)+x(39)+x(40);
             x(1)-x(2);
             x(2)-x(3);
             x(3)-x(4);
             -x(5)-2*x(6)-3*x(7)-4*x(8)-5*x(9)-6*x(10)-7*x(11)-8*x(12)-9*x(13)-10*x(14)-11*x(15)-12*x(16)-13*x(17)-14*x(18)-15*x(19);
