% This BARON input file was generated by the MATLAB/BARON interface.
% The BARON/MATLAB interface was developed by J. Currie.  The interface
% is provided free of charge and with no warranties from The Optimization
% Firm, http://www.minlp.com.
% Interface version: v1.51 [17-Dec-2013]
% File generated: 01-Feb-2014 19:50:11
% Model: twirism1

% Objective
fun = @(x)-x(258)+x(259);

% Bounds
lb = [0,0,0,0,0,0,0,0,0,0,0,0,0,0,0,0,0,0,0,0,0,0,0,0,0,0,0,0,0,0,0,0,0,0,0,0,0,0,0,0,0,0,0,0,0,0,0,0,0,0,0,0,0,0,0,0,0,0,0,0,0,0,0,0,0,0,0,0,0,0,0,0,0,0,0,0,0,0,0,0,0,0,0,0,0,0,0,0,0,0,0,0,0,0,0,0,0,0,0,0,0,0,0,0,0,0,0,0,0,0,0,0,0,0,0,0,0,0,0,0,0,0,0,0,0,0,0,0,0,0,0,0,0,0,0,0,0,0,0,0,0,0,0,0,0,0,0,0,0,0,0,0,0,0,0,0,0,0,0,0,0,0,0,0,0,0,0,0,0,0,0,0,0,0,0,0,0,0,0,0,0,0,0,0,0,0,0,0,0,0,0,0,0,0,0,0,0,0,0,0,0,0,0,0,0,0,0,0,0,0,0,0,0,0,0,0,0,0,0,0,0,0,0,0,0,0,0,0,0,0,0,0,0,0,0,0,0,0,0,0,0,0,0,0,0,0,0,0,0,0,0,0,0,0,0,0,0,0,0,0.0001,0.0001,0.0001,0.0001,0.0001,0.0001,0.0001,0.0001,0.0001,0.0001,0.0001,0.0001,0.0001,0.0001,0.0001,0.0001,0.0001,0.0001,0.0001,0.0001,0.0001,0.0001,0.0001,0.0001,0.0001,0.0001,0.0001,0.0001,0.0001,0.0001,0.0001,0.0001,0.0001,0.0001,0.0001,0.0001,0.0001,0.0001,0.0001,0.0001,0.0001,0.0001,0.0001,0.0001,0.0001,0.0001,0.0001,0.0001,0.0001,0.0001,0.0001,0.0001,0.0001,0.0001,0.0001,0.0001,0.0001,0.0001,0.0001,0.0001,0.0001,0.0001,0.0001,0.0001,0.0001,0.0001,0.0001,0.0001,0.0001,0.0001,0.0001,0.0001,0.0001,0.0001,0.0001,0.0001,0.0001,0.0001,0.0001,0.0001,0.0001,0.0001,0.0001,0.0001]';
ub = [0.9,0.9,0.9,0.9,0.9,0.9,0.9,0.9,0.9,0.9,0.9,0.9,0.9,0.9,0.9,0.9,0.9,0.9,0.9,0.9,0.9,0.9,0.9,0.9,0.9,0.9,0.9,0.9,0.9,0.9,0.9,0.9,0.9,0.9,0.9,0.9,0.9,0.9,0.9,0.9,0.9,0.9,0.9,0.9,0.9,0.9,0.9,0.9,0.9,0.9,0.9,0.9,0.9,0.9,0.9,0.9,0.9,0.9,0.9,0.9,0.9,0.9,0.9,0.9,0.9,0.9,0.9,0.9,0.9,0.9,0.9,0.9,0.9,0.9,0.9,0.9,0.9,0.9,0.9,0.9,0.9,0.9,0.9,0.9,0.9,0.9,0.9,0.9,0.9,0.9,0.9,0.9,0.9,0.9,0.9,0.9,0.9,0.9,0.9,0.9,0.9,0.9,0.9,0.9,0.9,0.9,0.9,0.9,0.9,0.9,0.9,0.9,0.9,0.9,0.9,0.9,0.9,0.9,0.9,0.9,0.9,0.9,0.9,0.9,0.9,0.9,0.9,0.9,0.9,0.9,0.9,0.9,0.9,0.9,0.9,0.9,0.9,0.9,0.9,0.9,0.9,0.9,0.9,0.9,0.9,0.9,0.9,0.9,0.9,0.9,0.9,0.9,0.9,0.9,0.9,0.9,0.9,0.9,0.9,0.9,0.9,0.9,0.9,0.9,0.9,0.9,0.9,0.9,1.2,1.2,1.2,1.2,1.2,1.2,1.2,1.2,1.2,1.2,1.2,1.2,1.2,1.2,1.2,1.2,1.2,1.2,1.2,1.2,1.2,1.2,1.2,1.2,1.2,1.2,1.2,1.2,1.2,1.2,1.2,1.2,1.2,1.2,1.2,1.2,1.2,1.2,1.2,1.2,1.2,1.2,1.2,1.2,1.2,1.2,1.2,1.2,1.2,1.2,1.2,1.2,1.2,1.2,1.2,1.2,1.2,1.2,1.2,1.2,1.2,1.2,1.2,1.2,1.2,1.2,1.2,1.2,1.2,1.2,1.2,1.2,1.2,1.2,1.2,1.2,1.2,1.2,1.2,1.2,1.2,1.2,1.2,1.2,1.2,1.2,1.2,1.2,1.2,1.2,100,0.9,0.9,0.9,0.9,0.9,0.9,0.9,0.9,0.9,0.9,0.9,0.9,0.9,0.9,0.9,0.9,0.9,0.9,0.9,0.9,0.9,0.9,0.9,0.9,0.9,0.9,0.9,0.9,0.9,0.9,0.9,0.9,0.9,0.9,0.9,0.9,0.9,0.9,0.9,0.9,0.9,0.9,0.9,0.9,0.9,0.9,0.9,0.9,0.9,0.9,0.9,0.9,0.9,0.9,0.9,0.9,0.9,0.9,0.9,0.9,0.9,0.9,0.9,0.9,0.9,0.9,0.9,0.9,0.9,0.9,0.9,0.9,0.9,0.9,0.9,0.9,0.9,0.9,0.9,0.9,0.9,0.9,0.9,0.9]';

% Constraints
nlcon = @(x)[0.5*x(1)+x(13)+x(25)+x(37)+x(49)+x(61)+0.5*x(73)+x(85)+x(97)+x(109)+0.5*x(121)+x(133)+x(145)+0.5*x(157);
             x(1)+x(2)+x(3)+x(4)+x(5)+x(6)+x(7)+x(8)+x(9)+x(10)+x(11)+x(12);
             x(13)+x(14)+x(15)+x(16)+x(17)+x(18)+x(19)+x(20)+x(21)+x(22)+x(23)+x(24);
             x(25)+x(26)+x(27)+x(28)+x(29)+x(30)+x(31)+x(32)+x(33)+x(34)+x(35)+x(36);
             x(37)+x(38)+x(39)+x(40)+x(41)+x(42)+x(43)+x(44)+x(45)+x(46)+x(47)+x(48);
             x(49)+x(50)+x(51)+x(52)+x(53)+x(54)+x(55)+x(56)+x(57)+x(58)+x(59)+x(60);
             x(61)+x(62)+x(63)+x(64)+x(65)+x(66)+x(67)+x(68)+x(69)+x(70)+x(71)+x(72);
             x(73)+x(74)+x(75)+x(76)+x(77)+x(78)+x(79)+x(80)+x(81)+x(82)+x(83)+x(84);
             x(85)+x(86)+x(87)+x(88)+x(89)+x(90)+x(91)+x(92)+x(93)+x(94)+x(95)+x(96);
             x(97)+x(98)+x(99)+x(100)+x(101)+x(102)+x(103)+x(104)+x(105)+x(106)+x(107)+x(108);
             x(109)+x(110)+x(111)+x(112)+x(113)+x(114)+x(115)+x(116)+x(117)+x(118)+x(119)+x(120);
             x(121)+x(122)+x(123)+x(124)+x(125)+x(126)+x(127)+x(128)+x(129)+x(130)+x(131)+x(132);
             x(133)+x(134)+x(135)+x(136)+x(137)+x(138)+x(139)+x(140)+x(141)+x(142)+x(143)+x(144);
             x(145)+x(146)+x(147)+x(148)+x(149)+x(150)+x(151)+x(152)+x(153)+x(154)+x(155)+x(156);
             x(157)+x(158)+x(159)+x(160)+x(161)+x(162)+x(163)+x(164)+x(165)+x(166)+x(167)+x(168);
             0.5*x(2)+x(14)+x(26)+x(38)+x(50)+x(62)+0.5*x(74)+x(86)+x(98)+x(110)+0.5*x(122)+x(134)+x(146)+0.5*x(158);
             0.5*x(3)+x(15)+x(27)+x(39)+x(51)+x(63)+0.5*x(75)+x(87)+x(99)+x(111)+0.5*x(123)+x(135)+x(147)+0.5*x(159);
             0.5*x(4)+x(16)+x(28)+x(40)+x(52)+x(64)+0.5*x(76)+x(88)+x(100)+x(112)+0.5*x(124)+x(136)+x(148)+0.5*x(160);
             0.5*x(5)+x(17)+x(29)+x(41)+x(53)+x(65)+0.5*x(77)+x(89)+x(101)+x(113)+0.5*x(125)+x(137)+x(149)+0.5*x(161);
             0.5*x(6)+x(18)+x(30)+x(42)+x(54)+x(66)+0.5*x(78)+x(90)+x(102)+x(114)+0.5*x(126)+x(138)+x(150)+0.5*x(162);
             0.5*x(7)+x(19)+x(31)+x(43)+x(55)+x(67)+0.5*x(79)+x(91)+x(103)+x(115)+0.5*x(127)+x(139)+x(151)+0.5*x(163);
             0.5*x(8)+x(20)+x(32)+x(44)+x(56)+x(68)+0.5*x(80)+x(92)+x(104)+x(116)+0.5*x(128)+x(140)+x(152)+0.5*x(164);
             0.5*x(9)+x(21)+x(33)+x(45)+x(57)+x(69)+0.5*x(81)+x(93)+x(105)+x(117)+0.5*x(129)+x(141)+x(153)+0.5*x(165);
             0.5*x(10)+x(22)+x(34)+x(46)+x(58)+x(70)+0.5*x(82)+x(94)+x(106)+x(118)+0.5*x(130)+x(142)+x(154)+0.5*x(166);
             0.5*x(11)+x(23)+x(35)+x(47)+x(59)+x(71)+0.5*x(83)+x(95)+x(107)+x(119)+0.5*x(131)+x(143)+x(155)+0.5*x(167);
             0.5*x(12)+x(24)+x(36)+x(48)+x(60)+x(72)+0.5*x(84)+x(96)+x(108)+x(120)+0.5*x(132)+x(144)+x(156)+0.5*x(168);
             0.5*x(169)*x(260)+x(175)*x(266)+x(181)*x(272)+x(187)*x(278)+x(193)*x(284)+x(199)*x(290)+0.5*x(205)*x(296)+x(211)*x(302)+x(217)*x(308)+x(223)*x(314)+0.5*x(229)*x(320)+x(235)*x(326)+x(241)*x(332)+0.5*x(247)*x(338);
             0.5*x(170)*x(261)+x(176)*x(267)+x(182)*x(273)+x(188)*x(279)+x(194)*x(285)+x(200)*x(291)+0.5*x(206)*x(297)+x(212)*x(303)+x(218)*x(309)+x(224)*x(315)+0.5*x(230)*x(321)+x(236)*x(327)+x(242)*x(333)+0.5*x(248)*x(339);
             0.5*x(171)*x(262)+x(177)*x(268)+x(183)*x(274)+x(189)*x(280)+x(195)*x(286)+x(201)*x(292)+0.5*x(207)*x(298)+x(213)*x(304)+x(219)*x(310)+x(225)*x(316)+0.5*x(231)*x(322)+x(237)*x(328)+x(243)*x(334)+0.5*x(249)*x(340);
             0.5*x(172)*x(263)+x(178)*x(269)+x(184)*x(275)+x(190)*x(281)+x(196)*x(287)+x(202)*x(293)+0.5*x(208)*x(299)+x(214)*x(305)+x(220)*x(311)+x(226)*x(317)+0.5*x(232)*x(323)+x(238)*x(329)+x(244)*x(335)+0.5*x(250)*x(341);
             0.5*x(173)*x(264)+x(179)*x(270)+x(185)*x(276)+x(191)*x(282)+x(197)*x(288)+x(203)*x(294)+0.5*x(209)*x(300)+x(215)*x(306)+x(221)*x(312)+x(227)*x(318)+0.5*x(233)*x(324)+x(239)*x(330)+x(245)*x(336)+0.5*x(251)*x(342);
             0.5*x(174)*x(265)+x(180)*x(271)+x(186)*x(277)+x(192)*x(283)+x(198)*x(289)+x(204)*x(295)+0.5*x(210)*x(301)+x(216)*x(307)+x(222)*x(313)+x(228)*x(319)+0.5*x(234)*x(325)+x(240)*x(331)+x(246)*x(337)+0.5*x(252)*x(343);
             x(253)*x(260)-0.828*x(169)*x(260)-0.158*x(175)*x(266)-0.014*x(205)*x(296);
             -x(169)*x(260)+0.166666666666667*x(259);
             x(254)*x(261)-0.828*x(170)*x(261)-0.158*x(176)*x(267)-0.014*x(206)*x(297);
             -x(170)*x(261)+0.166666666666667*x(259);
             x(255)*x(262)-0.828*x(171)*x(262)-0.158*x(177)*x(268)-0.014*x(207)*x(298);
             -x(171)*x(262)+0.166666666666667*x(259);
             x(256)*x(263)-0.828*x(172)*x(263)-0.158*x(178)*x(269)-0.014*x(208)*x(299);
             -x(172)*x(263)+0.166666666666667*x(259);
             x(257)*x(264)-0.828*x(173)*x(264)-0.158*x(179)*x(270)-0.014*x(209)*x(300);
             -x(173)*x(264)+0.166666666666667*x(259);
             x(258)*x(265)-0.828*x(174)*x(265)-0.158*x(180)*x(271)-0.014*x(210)*x(301);
             -x(174)*x(265)+0.166666666666667*x(259);
             x(253)*x(266)-0.079*x(169)*x(260)-0.763*x(175)*x(266)-0.079*x(181)*x(272)-0.065*x(205)*x(296)-0.014*x(211)*x(302);
             -x(175)*x(266)+0.166666666666667*x(259);
