% This BARON input file was generated by the MATLAB/BARON interface.
% The BARON/MATLAB interface was developed by J. Currie.  The interface
% is provided free of charge and with no warranties from The Optimization
% Firm, http://www.minlp.com.
% Interface version: v1.51 [17-Dec-2013]
% File generated: 30-Jan-2014 15:30:04
% Model: gsg_0001

% Objective
fun = @(x)x(78);

% Bounds
lb = [12.735,0,0,0,0,0,0,0,0,0,0,0,0,0,0,0,0,0,0,0,0,0,0,0,0,0,0,0,0,0,0,0,0,0.1,0.1,0.1,0.1,0.1,0.1,0.1,0.1,0.1,0.1,0.1,0.2,0.2,0.2,0.2,0.2,0.2,0.2,0.2,0.2,0.2,0.2,0.01,0.01,0.01,0.01,0.01,0.01,0.01,0.01,0.01,0.01,0.01,0,0,0,0,0,0,0,0,0,0,0,0]';
ub = [12.735,140,140,140,140,140,140,140,140,140,140,140,140,140,140,140,140,140,140,140,140,140,140,140,140,140,140,140,140,140,140,140,140,0.1,10000,10000,10000,10000,10000,10000,10000,10000,10000,10000,0.2,10000,10000,10000,10000,10000,10000,10000,10000,10000,10000,0.01,10000,10000,10000,10000,10000,10000,10000,10000,10000,10000,0,400,400,400,400,400,400,400,400,400,400,30000]';

% Constraints
nlcon = @(x)[x(1)+x(12)+x(23);
             x(2)+x(13)+x(24);
             x(3)+x(14)+x(25);
             x(4)+x(15)+x(26);
             x(5)+x(16)+x(27);
             x(6)+x(17)+x(28);
             x(7)+x(18)+x(29);
             x(8)+x(19)+x(30);
             x(9)+x(20)+x(31);
             x(10)+x(21)+x(32);
             x(11)+x(22)+x(33);
             -0.744093914896725*x(1)+x(2);
             -0.744093914896725*x(2)+x(3);
             -0.744093914896725*x(3)+x(4);
             -0.744093914896725*x(4)+x(5);
             -0.744093914896725*x(5)+x(6);
             -0.744093914896725*x(6)+x(7);
             -0.744093914896725*x(7)+x(8);
             -0.744093914896725*x(8)+x(9);
             -0.744093914896725*x(9)+x(10);
             -0.744093914896725*x(10)+x(11);
             -0.744093914896725*x(12)+x(13);
             -0.744093914896725*x(13)+x(14);
             -0.744093914896725*x(14)+x(15);
             -0.744093914896725*x(15)+x(16);
             -0.744093914896725*x(16)+x(17);
             -0.744093914896725*x(17)+x(18);
             -0.744093914896725*x(18)+x(19);
             -0.744093914896725*x(19)+x(20);
             -0.744093914896725*x(20)+x(21);
             -0.744093914896725*x(21)+x(22);
             -0.744093914896725*x(23)+x(24);
             -0.744093914896725*x(24)+x(25);
             -0.744093914896725*x(25)+x(26);
             -0.744093914896725*x(26)+x(27);
             -0.744093914896725*x(27)+x(28);
             -0.744093914896725*x(28)+x(29);
             -0.744093914896725*x(29)+x(30);
             -0.744093914896725*x(30)+x(31);
             -0.744093914896725*x(31)+x(32);
             -0.744093914896725*x(32)+x(33);
             -4*x(1)+x(2);
             -4*x(2)+x(3);
             -4*x(3)+x(4);
             -4*x(4)+x(5);
             -4*x(5)+x(6);
             -4*x(6)+x(7);
             -4*x(7)+x(8);
             -4*x(8)+x(9);
             -4*x(9)+x(10);
             -4*x(10)+x(11);
             -4*x(12)+x(13);
             -4*x(13)+x(14);
             -4*x(14)+x(15);
             -4*x(15)+x(16);
             -4*x(16)+x(17);
             -4*x(17)+x(18);
             -4*x(18)+x(19);
             -4*x(19)+x(20);
             -4*x(20)+x(21);
             -4*x(21)+x(22);
             -4*x(23)+x(24);
             -4*x(24)+x(25);
             -4*x(25)+x(26);
             -4*x(26)+x(27);
             -4*x(27)+x(28);
             -4*x(28)+x(29);
             -4*x(29)+x(30);
             -4*x(30)+x(31);
             -4*x(31)+x(32);
             -4*x(32)+x(33);
             -5*x(1)-5*x(2)-x(34)+x(35);
             -5*x(2)-5*x(3)-x(35)+x(36);
             -5*x(3)-5*x(4)-x(36)+x(37);
             -5*x(4)-5*x(5)-x(37)+x(38);
             -5*x(5)-5*x(6)-x(38)+x(39);
             -5*x(6)-5*x(7)-x(39)+x(40);
             -5*x(7)-5*x(8)-x(40)+x(41);
             -5*x(8)-5*x(9)-x(41)+x(42);
             -5*x(9)-5*x(10)-x(42)+x(43);
             -5*x(10)-5*x(11)-x(43)+x(44);
             -5*x(12)-5*x(13)-x(45)+x(46);
             -5*x(13)-5*x(14)-x(46)+x(47);
             -5*x(14)-5*x(15)-x(47)+x(48);
             -5*x(15)-5*x(16)-x(48)+x(49);
             -5*x(16)-5*x(17)-x(49)+x(50);
             -5*x(17)-5*x(18)-x(50)+x(51);
             -5*x(18)-5*x(19)-x(51)+x(52);
             -5*x(19)-5*x(20)-x(52)+x(53);
             -5*x(20)-5*x(21)-x(53)+x(54);
             -5*x(21)-5*x(22)-x(54)+x(55);
             -5*x(23)-5*x(24)-x(56)+x(57);
             -5*x(24)-5*x(25)-x(57)+x(58);
             -5*x(25)-5*x(26)-x(58)+x(59);
             -5*x(26)-5*x(27)-x(59)+x(60);
             -5*x(27)-5*x(28)-x(60)+x(61);
             -5*x(28)-5*x(29)-x(61)+x(62);
             -5*x(29)-5*x(30)-x(62)+x(63);
             -5*x(30)-5*x(31)-x(63)+x(64);
             -5*x(31)-5*x(32)-x(64)+x(65);
             -5*x(32)-5*x(33)-x(65)+x(66);
             -0.850412249705536*x(1)-0.850412249705536*x(2)-x(67)+x(68);
             -0.850412249705536*x(2)-0.850412249705536*x(3)-x(68)+x(69);
             -0.850412249705536*x(3)-0.850412249705536*x(4)-x(69)+x(70);
             -0.850412249705536*x(4)-0.850412249705536*x(5)-x(70)+x(71);
             -0.850412249705536*x(5)-0.850412249705536*x(6)-x(71)+x(72);
             -0.850412249705536*x(6)-0.850412249705536*x(7)-x(72)+x(73);
             -0.850412249705536*x(7)-0.850412249705536*x(8)-x(73)+x(74);
             -0.850412249705536*x(8)-0.850412249705536*x(9)-x(74)+x(75);
             -0.850412249705536*x(9)-0.850412249705536*x(10)-x(75)+x(76);
             -0.850412249705536*x(10)-0.850412249705536*x(11)-x(76)+x(77);
             -(15*(5*x(45))^(-0.1)*x(12)+130*(100*x(56))^(-0.3)*x(23)+30*x(12)+30*x(23)+0.613913253540759*(15*(5*x(46))^(-0.1)*x(13)+130*(100*x(57))^(-0.3)*x(24)+30*x(13)+30*x(24))+0.376889482873*(15*(5*x(47))^(-0.1)*x(14)+130*(100*x(58))^(-0.3)*x(25)+30*x(14)+30*x(25))+0.231377448655858*(15*(5*x(48))^(-0.1)*x(15)+130*(100*x(59))^(-0.3)*x(26)+30*x(15)+30*x(26))+0.142045682300278*(15*(5*x(49))^(-0.1)*x(16)+130*(100*x(60))^(-0.3)*x(27)+30*x(16)+30*x(27))+0.0872037269723804*(15*(5*x(50))^(-0.1)*x(17)+130*(100*x(61))^(-0.3)*x(28)+30*x(17)+30*x(28))+0.0535355237464941*(15*(5*x(51))^(-0.1)*x(18)+130*(100*x(62))^(-0.3)*x(29)+30*x(18)+30*x(29))+0.0328661675632188*(15*(5*x(52))^(-0.1)*x(19)+130*(100*x(63))^(-0.3)*x(30)+30*x(19)+30*x(30))+0.0201769758601514*(15*(5*x(53))^(-0.1)*x(20)+130*(100*x(64))^(-0.3)*x(31)+30*x(20)+30*x(31))+0.0123869128969189*(15*(5*x(54))^(-0.1)*x(21)+130*(100*x(65))^(-0.3)*x(32)+30*x(21)+30*x(32))+0.00760448999787347*(15*(5*x(55))^(-0.1)*x(22)+130*(100*x(66))^(-0.3)*x(33)+30*x(22)+30*x(33)))-40*x(1)-24.5565301416304*x(2)-15.07557931492*x(3)-9.25509794623431*x(4)-5.6818272920111*x(5)-3.48814907889522*x(6)-2.14142094985976*x(7)-1.31464670252875*x(8)-0.807079034406055*x(9)-0.495476515876756*x(10)-0.304179599914939*x(11)+x(78)];
cl = [12.735,18.523,24.42,30.729,41.698,52.802,65.155,81.675,98.667,115.501,133.561,0,0,0,0,0,0,0,0,0,0,0,0,0,0,0,0,0,0,0,0,0,0,0,0,0,0,0,0,0,0,-Inf,-Inf,-Inf,-Inf,-Inf,-Inf,-Inf,-Inf,-Inf,-Inf,-Inf,-Inf,-Inf,-Inf,-Inf,-Inf,-Inf,-Inf,-Inf,-Inf,-Inf,-Inf,-Inf,-Inf,-Inf,-Inf,-Inf,-Inf,-Inf,-Inf,0,0,0,0,0,0,0,0,0,0,0,0,0,0,0,0,0,0,0,0,0,0,0,0,0,0,0,0,0,0,0,0,0,0,0,0,0,0,0,0,0]';
cu = [Inf,Inf,Inf,Inf,Inf,Inf,Inf,Inf,Inf,Inf,Inf,Inf,Inf,Inf,Inf,Inf,Inf,Inf,Inf,Inf,Inf,Inf,Inf,Inf,Inf,Inf,Inf,Inf,Inf,Inf,Inf,Inf,Inf,Inf,Inf,Inf,Inf,Inf,Inf,Inf,Inf,0.18523,0.2442,0.30729,0.41698,0.52802,0.65155,0.81675,0.98667,1.15501,1.33561,0.18523,0.2442,0.30729,0.41698,0.52802,0.65155,0.81675,0.98667,1.15501,1.33561,0.18523,0.2442,0.30729,0.41698,0.52802,0.65155,0.81675,0.98667,1.15501,1.33561,0,0,0,0,0,0,0,0,0,0,0,0,0,0,0,0,0,0,0,0,0,0,0,0,0,0,0,0,0,0,0,0,0,0,0,0,0,0,0,0,0]';

% Variables (C = continuous, B = binary, I = integer)
xtype = 'CCCCCCCCCCCCCCCCCCCCCCCCCCCCCCCCCCCCCCCCCCCCCCCCCCCCCCCCCCCCCCCCCCCCCCCCCCCCCC';

% Starting Guess
