% This BARON input file was generated by the MATLAB/BARON interface.
% The BARON/MATLAB interface was developed by J. Currie.  The interface
% is provided free of charge and with no warranties from The Optimization
% Firm, http://www.minlp.com.
% Interface version: v1.51 [17-Dec-2013]
% File generated: 30-Jan-2014 17:01:30
% Model: qp3

% Objective
fun = @(x)x(51)*x(1)+x(52)*x(2)+x(53)*x(3)+x(54)*x(4)+x(55)*x(5)+x(56)*x(6)+x(57)*x(7)+x(58)*x(8)+x(59)*x(9)+x(60)*x(10)+x(61)*x(11)+x(62)*x(12)+x(63)*x(13)+x(64)*x(14)+x(65)*x(15)+x(66)*x(16)+x(67)*x(17)+x(68)*x(18)+x(69)*x(19)+x(70)*x(20)+x(71)*x(21)+x(72)*x(22)+x(73)*x(23)+x(74)*x(24)+x(75)*x(25)+x(76)*x(26)+x(77)*x(27)+x(78)*x(28)+x(79)*x(29)+x(80)*x(30)+x(81)*x(31)+x(82)*x(32)+x(83)*x(33)+x(84)*x(34)+x(85)*x(35)+x(86)*x(36)+x(87)*x(37)+x(88)*x(38)+x(89)*x(39)+x(90)*x(40)+x(91)*x(41)+x(92)*x(42)+x(93)*x(43)+x(94)*x(44)+x(95)*x(45)+x(96)*x(46)+x(97)*x(47)+x(98)*x(48)+x(99)*x(49)+x(100)*x(50);

% Bounds
lb = [0,0,0,0,0,0,0,0,0,0,0,0,0,0,0,0,0,0,0,0,0,0,0,0,0,0,0,0,0,0,0,0,0,0,0,0,0,0,0,0,0,0,0,0,0,0,0,0,0,0,-Inf,-Inf,-Inf,-Inf,-Inf,-Inf,-Inf,-Inf,-Inf,-Inf,-Inf,-Inf,-Inf,-Inf,-Inf,-Inf,-Inf,-Inf,-Inf,-Inf,-Inf,-Inf,-Inf,-Inf,-Inf,-Inf,-Inf,-Inf,-Inf,-Inf,-Inf,-Inf,-Inf,-Inf,-Inf,-Inf,-Inf,-Inf,-Inf,-Inf,-Inf,-Inf,-Inf,-Inf,-Inf,-Inf,-Inf,-Inf,-Inf,-Inf]';
ub = [Inf,Inf,Inf,Inf,Inf,Inf,Inf,Inf,Inf,Inf,Inf,Inf,Inf,Inf,Inf,Inf,Inf,Inf,Inf,Inf,Inf,Inf,Inf,Inf,Inf,Inf,Inf,Inf,Inf,Inf,Inf,Inf,Inf,Inf,Inf,Inf,Inf,Inf,Inf,Inf,Inf,Inf,Inf,Inf,Inf,Inf,Inf,Inf,Inf,Inf,Inf,Inf,Inf,Inf,Inf,Inf,Inf,Inf,Inf,Inf,Inf,Inf,Inf,Inf,Inf,Inf,Inf,Inf,Inf,Inf,Inf,Inf,Inf,Inf,Inf,Inf,Inf,Inf,Inf,Inf,Inf,Inf,Inf,Inf,Inf,Inf,Inf,Inf,Inf,Inf,Inf,Inf,Inf,Inf,Inf,Inf,Inf,Inf,Inf,Inf]';

% Constraints
nlcon = @(x)[-0.0281500000000001*x(1)-0.0256821428571429*x(2)-0.0167714285714286*x(3)-0.00449999999999996*x(4)-0.00575357142857144*x(5)-0.115021428571429*x(6)-0.00735714285714283*x(7)+0.0229500000000001*x(8)-0.0339500000000001*x(9)-0.018975*x(10)-0.01125*x(11)+0.0128107142857142*x(12)+0.0135821428571429*x(13)-0.0136035714285715*x(14)-0.121382142857143*x(15)-0.0245428571428572*x(16)+0.000492857142857131*x(17)-0.00890714285714287*x(18)-0.00278928571428574*x(19)+0.00705357142857148*x(20)-0.00964285714285709*x(21)-0.00108214285714287*x(22)-0.00479642857142854*x(23)-0.0160785714285713*x(24)-0.00421785714285711*x(25)-0.00810000000000001*x(26)-0.0635714285714284*x(27)+0.00162142857142863*x(28)-0.0246857142857143*x(29)+0.0173428571428572*x(30)-0.212957142857143*x(31)-0.0971249999999998*x(32)-0.0128321428571428*x(33)-0.0633071428571426*x(34)-0.00425000000000001*x(35)-0.0718178571428574*x(36)-0.00535714285714283*x(37)-0.00418928571428584*x(38)-0.00089285714285711*x(39)-0.0460857142857143*x(40)+0.00650714285714286*x(41)-0.0061071428571428*x(42)-0.0262571428571427*x(43)-0.0435892857142854*x(44)-0.000410714285714303*x(45)-0.00640357142857142*x(46)+0.00358571428571431*x(47)-0.102967857142857*x(48)-0.0128571428571428*x(49)-0.1342*x(50)+x(51);
             -0.0256821428571429*x(1)-0.177550492610837*x(2)-0.0864747536945814*x(3)-0.121961699507389*x(4)-0.020425*x(5)-0.128937068965517*x(6)-0.0036791871921183*x(7)-0.151099137931034*x(8)-0.171092857142857*x(9)-0.135329679802956*x(10)-0.0158374384236453*x(11)-0.0422906403940887*x(12)+0.0430443349753695*x(13)-0.0419793103448276*x(14)-0.205994334975369*x(15)-0.0732357142857143*x(16)-0.085480541871921*x(17)-0.0426789408866994*x(18)-0.00786342364532027*x(19)+0.0417923645320198*x(20)-0.156218965517241*x(21)+0.00528940886699508*x(22)+0.016889039408867*x(23)+0.128986206896552*x(24)+0.00838743842364517*x(25)+0.00495073891625612*x(26)-0.299830541871921*x(27)-0.0162682266009851*x(28)-0.073925738916256*x(29)+0.124098275862069*x(30)-0.64849802955665*x(31)-0.11841145320197*x(32)-0.0207647783251233*x(33)-0.0380407635467979*x(34)-0.00880849753694576*x(35)-0.121545566502463*x(36)-0.0480818965517241*x(37)+0.00845394088669949*x(38)+0.0320119458128077*x(39)-0.123291502463054*x(40)-0.0247464285714287*x(41)+0.00906859605911338*x(42)-0.01611921182266*x(43)-0.0943937192118226*x(44)-7.24137931034384e-5*x(45)-0.0114182266009852*x(46)-0.00624495073891627*x(47)-0.260646551724138*x(48)+0.0391561576354679*x(49)-0.351059236453202*x(50)+x(52);
             -0.0167714285714286*x(1)-0.0864747536945814*x(2)-0.320196551724138*x(3)-0.278456650246305*x(4)-0.0208750000000001*x(5)-0.106618965517241*x(6)+0.00496280788177331*x(7)-0.214316502463054*x(8)-0.231428571428571*x(9)-0.166619088669951*x(10)+0.0254401477832511*x(11)-0.0427368226600984*x(12)-0.0497257389162564*x(13)-0.0194710591133005*x(14)-0.0505421182266006*x(15)-0.00272500000000001*x(16)-0.0587525862068962*x(17)+0.00095554187192125*x(18)-0.148952216748769*x(19)+0.0582609605911333*x(20)+0.0512844827586212*x(21)-0.00180541871921182*x(22)+0.0117965517241379*x(23)+0.0269211822660092*x(24)+0.00298842364532039*x(25)-0.00254322660098542*x(26)-0.308599014778325*x(27)+0.0191912561576357*x(28)+0.0641467980295562*x(29)+0.0803294334975367*x(30)-0.707697413793104*x(31)+0.0783682266009842*x(32)+0.00213596059113295*x(33)+0.158436453201969*x(34)-0.0290546798029556*x(35)-0.141398645320198*x(36)+0.000417733990147721*x(37)-0.336612684729064*x(38)-0.0719899014778327*x(39)-0.17665960591133*x(40)+0.00070714285714271*x(41)+0.0501067733990149*x(42)+0.079123891625615*x(43)+0.0794022167487677*x(44)-0.013270935960591*x(45)+0.0121912561576354*x(46)-0.0137150246305418*x(47)-0.143923152709361*x(48)+0.0379897783251226*x(49)-0.236040024630542*x(50)+x(53);
             -0.00449999999999996*x(1)-0.121961699507389*x(2)-0.278456650246305*x(3)-0.873730541871921*x(4)+0.00209642857142841*x(5)-0.126252709359605*x(6)+0.00305948275862055*x(7)-0.375462561576354*x(8)-0.359710714285715*x(9)-0.183223645320197*x(10)+0.0363608374384235*x(11)-0.0706527093596062*x(12)-0.048939901477833*x(13)-0.0146729064039407*x(14)-0.135002955665025*x(15)-0.0843892857142859*x(16)-0.0319467980295566*x(17)-0.0181043103448275*x(18)-0.129191133004926*x(19)+0.0415168719211819*x(20)-0.0884450738916258*x(21)-0.00589618226600983*x(22)-0.0177647783251231*x(23)+0.226704556650246*x(24)-0.129321551724138*x(25)+0.00780147783251217*x(26)-0.6451539408867*x(27)-0.075557881773399*x(28)+0.0650663793103451*x(29)+0.160514408866995*x(30)-0.644871059113304*x(31)-0.0157300492610857*x(32)-0.0459474137931038*x(33)+0.206882758620689*x(34)-0.00288485221674858*x(35)+0.0931160098522166*x(36)-0.0685923645320195*x(37)-0.457774261083743*x(38)+0.0331846059113289*x(39)-0.199861576354679*x(40)+0.0447607142857143*x(41)-0.0304699507389161*x(42)+0.237593719211822*x(43)+0.0534447044334963*x(44)-0.0131412561576353*x(45)+0.0355135467980296*x(46)-0.00108633004926108*x(47)-0.192918103448278*x(48)+0.0632230295566501*x(49)-0.56390775862069*x(50)+x(54);
             -0.00575357142857144*x(1)-0.020425*x(2)-0.0208750000000001*x(3)+0.00209642857142841*x(4)-0.0626*x(5)+0.024932142857143*x(6)-4.28571428571879e-5*x(7)-0.0473035714285714*x(8)-0.0590857142857142*x(9)-0.0482607142857143*x(10)-0.0147999999999999*x(11)+0.0222107142857143*x(12)+0.0246214285714288*x(13)-0.00818928571428569*x(14)-0.131407142857143*x(15)-0.0307321428571429*x(16)-0.0108928571428571*x(17)+0.0148214285714286*x(18)-0.00149642857142861*x(19)-0.0461321428571428*x(20)+0.00774642857142884*x(21)+0.00222142857142858*x(22)+0.0168178571428571*x(23)-0.0336714285714286*x(24)-0.0341285714285714*x(25)+0.026625*x(26)-0.0619642857142856*x(27)+0.00673928571428572*x(28)-0.0371464285714285*x(29)+0.0253142857142857*x(30)-0.231007142857143*x(31)-0.107235714285714*x(32)-0.0157464285714284*x(33)-0.047357142857143*x(34)+0.00147142857142863*x(35)+0.0316035714285714*x(36)-0.00111428571428573*x(37)-0.135357142857143*x(38)-0.0209464285714286*x(39)-0.0708714285714286*x(40)-0.0105571428571429*x(41)+0.0282035714285715*x(42)+0.0115964285714284*x(43)+0.0859928571428572*x(44)+0.00072142857142856*x(45)+0.00461071428571428*x(46)+0.00142142857142858*x(47)-0.06955*x(48)+0.0340178571428571*x(49)-0.0714749999999997*x(50)+x(55);
