% This BARON input file was generated by the MATLAB/BARON interface.
% The BARON/MATLAB interface was developed by J. Currie.  The interface
% is provided free of charge and with no warranties from The Optimization
% Firm, http://www.minlp.com.
% Interface version: v1.51 [17-Dec-2013]
% File generated: 30-Jan-2014 17:01:30
% Model: qp5

% Objective
fun = @(x)x(51)+x(52)+x(53)+x(54)+x(55)+x(56)+x(57)+x(58)+x(59)+x(60)+x(61)+x(62)+x(63)+x(64)+x(65)+x(66)+x(67)+x(68)+x(69)+x(70)+x(71)+x(72)+x(73)+x(74)+x(75)+x(76)+x(77)+x(78)+x(79)+x(80)+x(81)+x(82)+x(83)+x(84)+x(85)+x(86)+x(87)+x(88)+x(89)+x(90)+x(91)+x(92)+x(93)+x(94)+x(95)+x(96)+x(97)+x(98)+x(99)+x(100)+x(101)+x(102)+x(103)+x(104)+x(105)+x(106)+x(107)+x(108);

% Bounds
lb = [0,0,0,0,0,0,0,0,0,0,0,0,0,0,0,0,0,0,0,0,0,0,0,0,0,0,0,0,0,0,0,0,0,0,0,0,0,0,0,0,0,0,0,0,0,0,0,0,0,0,0,0,0,0,0,0,0,0,0,0,0,0,0,0,0,0,0,0,0,0,0,0,0,0,0,0,0,0,0,0,0,0,0,0,0,0,0,0,0,0,0,0,0,0,0,0,0,0,0,0,0,0,0,0,0,0,0,0]';
ub = [Inf,Inf,Inf,Inf,Inf,Inf,Inf,Inf,Inf,Inf,Inf,Inf,Inf,Inf,Inf,Inf,Inf,Inf,Inf,Inf,Inf,Inf,Inf,Inf,Inf,Inf,Inf,Inf,Inf,Inf,Inf,Inf,Inf,Inf,Inf,Inf,Inf,Inf,Inf,Inf,Inf,Inf,Inf,Inf,Inf,Inf,Inf,Inf,Inf,Inf,Inf,Inf,Inf,Inf,Inf,Inf,Inf,Inf,Inf,Inf,Inf,Inf,Inf,Inf,Inf,Inf,Inf,Inf,Inf,Inf,Inf,Inf,Inf,Inf,Inf,Inf,Inf,Inf,Inf,Inf,Inf,Inf,Inf,Inf,Inf,Inf,Inf,Inf,Inf,Inf,Inf,Inf,Inf,Inf,Inf,Inf,Inf,Inf,Inf,Inf,Inf,Inf,Inf,Inf,Inf,Inf,Inf,Inf]';

% Constraints
nlcon = @(x)[x(1)+x(2)+x(3)+x(4)+x(5)+x(6)+x(7)+x(8)+x(9)+x(10)+x(11)+x(12)+x(13)+x(14)+x(15)+x(16)+x(17)+x(18)+x(19)+x(20)+x(21)+x(22)+x(23)+x(24)+x(25)+x(26)+x(27)+x(28)+x(29)+x(30)+x(31)+x(32)+x(33)+x(34)+x(35)+x(36)+x(37)+x(38)+x(39)+x(40)+x(41)+x(42)+x(43)+x(44)+x(45)+x(46)+x(47)+x(48)+x(49)+x(50);
             -0.0517241379310345*x(2)+0.0558620689655172*x(3)+0.116551724137931*x(4)-0.0172413793103448*x(6)-0.0496551724137931*x(7)-0.0644827586206896*x(8)+0.00862068965517241*x(10)+0.0689655172413793*x(11)-0.0172413793103448*x(12)-0.0948275862068965*x(13)-0.0475862068965517*x(14)+0.344827586206897*x(15)+0.0299999999999999*x(16)+0.0131034482758622*x(17)+0.0562068965517241*x(18)-0.0644827586206897*x(19)-0.301724137931034*x(20)-0.241379310344828*x(21)-0.00206896551724138*x(22)-0.0258620689655172*x(23)-0.198275862068966*x(24)-0.0389655172413793*x(25)+0.0775862068965517*x(26)-0.206896551724138*x(27)+0.0562068965517242*x(28)-0.0775862068965517*x(29)+0.0689655172413793*x(30)-1.04310344827586*x(31)-0.327586206896552*x(32)-0.0217241379310345*x(33)-0.155172413793103*x(34)-0.0172413793103448*x(35)-0.28448275862069*x(36)+0.0558620689655173*x(37)+0.163793103448276*x(38)-0.370689655172414*x(39)+0.0172413793103448*x(40)-0.03*x(41)+0.0475862068965517*x(42)-0.517241379310345*x(43)-0.21551724137931*x(44)+0.00655172413793105*x(45)-0.0537931034482758*x(46)-0.0148275862068966*x(47)-0.417931034482759*x(48)-0.103448275862069*x(49)-0.124827586206896*x(50);
             -0.431724137931033*x(2)+0.68586206896552*x(3)-0.513448275862065*x(4)-2.01724137931034*x(6)-0.0496551724137931*x(7)-0.56448275862069*x(8)-0.75*x(9)+0.12862068965517*x(10)+0.0689655172413793*x(11)-0.0172413793103448*x(12)+1.1551724137931*x(13)-0.167586206896552*x(14)-2.6551724137931*x(15)+0.53*x(16)-0.236896551724138*x(17)-0.823793103448276*x(18)+0.555517241379311*x(19)-1.43172413793103*x(20)-1.12137931034483*x(21)-0.132068965517241*x(22)+0.224137931034483*x(23)+0.551724137931034*x(24)-0.40896551724138*x(25)+0.577586206896552*x(26)-0.956896551724138*x(27)-0.573793103448277*x(28)-0.697586206896551*x(29)-0.181034482758621*x(30)-0.673103448275858*x(31)-2.57758620689655*x(32)-0.391724137931034*x(33)-1.6551724137931*x(34)+0.112758620689656*x(35)+3.59551724137931*x(36)-0.444137931034483*x(37)+0.53379310344828*x(38)-0.370689655172414*x(39)+0.517241379310345*x(40)-0.03*x(41)-0.952413793103448*x(42)+0.982758620689655*x(43)-4.52551724137931*x(44)+0.00655172413793105*x(45)+0.00620689655172376*x(46)+0.0451724137931035*x(47)-2.29793103448276*x(48)-0.603448275862069*x(49)-2.5048275862069*x(50)+x(51)-x(80);
             -0.25*x(1)-0.0517241379310345*x(2)+0.175862068965515*x(3)+0.616551724137931*x(4)-0.380000000000001*x(5)-1.76724137931034*x(6)-0.299655172413793*x(7)+0.305517241379308*x(8)+0.630000000000003*x(9)+0.388620689655175*x(10)-0.181034482758621*x(11)-0.0172413793103448*x(12)+1.46517241379311*x(13)+0.452413793103448*x(14)-1.4051724137931*x(15)-0.72*x(16)+0.88310344827586*x(17)+0.436206896551724*x(18)-0.184482758620691*x(19)+0.948275862068966*x(20)-0.361379310344825*x(21)+0.0679310344827585*x(22)-0.145862068965517*x(23)+0.921724137931032*x(24)+0.331034482758622*x(25)+0.0775862068965517*x(26)+0.543103448275862*x(27)-0.063793103448275*x(28)-0.827586206896552*x(29)-0.181034482758621*x(30)-0.293103448275862*x(31)-4.32758620689655*x(32)+0.288275862068966*x(33)-2.03517241379311*x(34)-0.0172413793103448*x(35)-1.66448275862069*x(36)-0.314137931034484*x(37)-0.456206896551729*x(38)+0.0693103448275875*x(39)-0.482758620689655*x(40)-0.28*x(41)-0.082413793103449*x(42)+0.232758620689655*x(43)-0.405517241379308*x(44)+0.12655172413793*x(45)-0.0537931034482758*x(46)+0.175172413793103*x(47)-0.917931034482758*x(48)+0.52655172413793*x(49)-1.1248275862069*x(50)+x(52)-x(81);
             0.0782758620689645*x(2)-1.06413793103448*x(3)-1.38344827586207*x(4)+0.25*x(5)-1.39724137931034*x(6)+0.140344827586208*x(7)-0.934482758620687*x(8)-0.880000000000003*x(9)-0.37137931034483*x(10)+0.318965517241379*x(11)-0.0172413793103448*x(12)+1.0351724137931*x(13)-0.0475862068965517*x(14)+0.0948275862068966*x(15)-0.47*x(16)+0.0131034482758622*x(17)+0.0562068965517241*x(18)-0.694482758620689*x(19)-0.231724137931034*x(20)+0.87862068965517*x(21)+0.0579310344827587*x(22)-0.335862068965517*x(23)+0.301724137931034*x(24)-0.788965517241379*x(25)+0.327586206896552*x(26)-0.456896551724138*x(27)-0.0737931034482766*x(28)+0.922413793103448*x(29)+0.318965517241379*x(30)-0.413103448275867*x(31)+2.04241379310345*x(32)-0.211724137931036*x(33)+0.164827586206897*x(34)-0.147241379310346*x(35)+0.345517241379306*x(36)+0.305862068965517*x(37)-0.336206896551724*x(38)+0.689310344827585*x(39)-0.352758620689653*x(40)+0.22*x(41)+0.177586206896553*x(42)+2.35275862068966*x(43)+0.974482758620687*x(44)+0.00655172413793105*x(45)-0.0537931034482758*x(46)+0.0451724137931035*x(47)+1.21206896551724*x(48)+0.896551724137931*x(49)+0.755172413793106*x(50)+x(53)-x(82);
             -0.130000000000001*x(1)+0.198275862068966*x(2)-1.19413793103448*x(3)-0.753448275862074*x(4)-0.119999999999999*x(5)-1.01724137931034*x(6)-0.109655172413794*x(7)-0.0644827586206896*x(8)-1.87*x(9)-0.111379310344825*x(10)-0.0510344827586181*x(11)-0.267241379310345*x(12)-1.2248275862069*x(13)-0.297586206896552*x(14)-0.155172413793103*x(15)+0.0299999999999999*x(16)+0.0131034482758622*x(17)+0.176206896551724*x(18)-1.06448275862069*x(19)-0.491724137931036*x(20)-0.491379310344828*x(21)-0.192068965517241*x(22)-0.0258620689655172*x(23)-2.06827586206896*x(24)+0.211034482758621*x(25)-0.542413793103449*x(26)+0.0431034482758621*x(27)+0.0562068965517242*x(28)-0.207586206896552*x(29)-0.181034482758621*x(30)-3.79310344827586*x(31)-1.19758620689655*x(32)-0.0217241379310345*x(33)-0.225172413793104*x(34)-0.137241379310344*x(35)-0.164482758620685*x(36)+0.175862068965518*x(37)-2.33620689655172*x(38)+0.129310344827586*x(39)-0.862758620689658*x(40)+0.22*x(41)+0.167586206896551*x(42)+0.362758620689654*x(43)-1.40551724137931*x(44)+0.0665517241379315*x(45)+0.0662068965517243*x(46)+0.0451724137931035*x(47)-0.917931034482758*x(48)-0.983448275862068*x(49)-2.3748275862069*x(50)+x(54)-x(83);
