% MATLAB - BARON Interface [J.Currie I2C2]
% Interface Version: v1.39 [22/05/12]
% File Generated: 22-May-2012 14:13:20
% Model: EPA_pooling_TC1_R1

% Objective
fun = @(x)2*x(1)*x(5)+2*x(1)*x(6)+8*x(2)*x(5)+8*x(2)*x(6)+10*x(3)*x(5)+10*x(3)*x(6)+16*x(4)*x(5)+16*x(4)*x(6)-6*x(5)-12*x(6)+10*x(7)+4*x(8)-4*x(9)-10*x(10)-4*x(11)-10*x(12)-x(13)-7*x(14);

% Bounds
lb = [0,0,0,0,0,0,0,0,0,0,0,0,0,0,100,100,0.3,50,6.4,30,70,0,0,0,0.1,0.1,0.1,0.3,50,6.4,30,70,0,0,0,0.1,0.1,0.1,-Inf,-Inf,-Inf,-Inf,-Inf,-Inf,-Inf,-Inf,-Inf,-Inf,-Inf,-Inf,-Inf,-Inf,-Inf,-Inf,-Inf,-Inf,-Inf,-Inf,-Inf,-Inf,-Inf,-Inf,-Inf,-Inf,-Inf,-Inf,-Inf,-Inf,0,0,0,0,0,0,0,0,0,0,0,0,0,0,0,0,0,0,0,0,0,0,0,0,0,0,0,0,0,0,0,0,0,0,0,0,0,0,0,0,0,0,0,0,0,0,0,0,0,0,0,0,0,0,0,0,0,0,0,0,0,0,0,0,0,0,0,0,0,0,0,0,0,0,0,0,0,0,0,0,-0.03816,-0.1008,-0.03816,-0.1008,-0.0734256,-0.0759384,-0.0734256,-0.0759384,-0.211907,-0.212173,-0.211907,-0.212173,-0.2736076,-0.240796,-0.1996596,-0.175716,6.4,6.4,33,33,18,18,83.6,83.6,72,72,50,50,70,70,18,18,3.77,3.77,10,10,70,70,-8,-8,-2,-2,-Inf,-Inf,-Inf,-Inf,-Inf,-Inf,-Inf,-Inf,-Inf,-Inf,-Inf,-Inf,-Inf,-Inf,-Inf,-Inf,-Inf,-Inf,-Inf,-Inf,-Inf,-Inf,-Inf,-Inf]';
ub = [1,1,1,1,200,200,100,100,10,10,10,10,50,50,200,200,4,500,10,70,100,30,1,15,4,4,4,4,250,8,60,85,25,0.5,10,4,4,4,Inf,Inf,Inf,Inf,Inf,Inf,Inf,Inf,Inf,Inf,Inf,Inf,Inf,Inf,Inf,Inf,Inf,Inf,Inf,Inf,Inf,Inf,Inf,Inf,Inf,Inf,Inf,Inf,Inf,Inf,0.3707916,0.22428,0.2010816,0.16128,0.3707916,0.22428,0.2010816,0.16128,0.3707916,0.22428,0.2010816,0.16128,0.3707916,0.22428,0.2010816,0.16128,0.3707916,0.22428,0.2010816,0.16128,0.3707916,0.22428,0.2010816,0.16128,0.122376,0.126564,0.10198,0.10547,0.122376,0.126564,0.10198,0.10547,0.122376,0.126564,0.10198,0.10547,0.122376,0.126564,0.10198,0.10547,0.122376,0.126564,0.10198,0.10547,0.122376,0.126564,0.10198,0.10547,0.211907,0.212173,0.211907,0.212173,0.211907,0.212173,0.211907,0.212173,0.211907,0.212173,0.211907,0.212173,0.211907,0.212173,0.211907,0.212173,0.295792,0.26032,0.221844,0.19524,0.295792,0.26032,0.221844,0.19524,0.295792,0.26032,0.221844,0.19524,0.295792,0.26032,0.221844,0.19524,0.3326316,0.12348,0.1629216,0.06048,0.0489504,0.0506256,0.0285544,0.0295316,0,0,0,0,0.0221844,0.019524,0.0221844,0.019524,10,8,65.52,60,30,25,91.3,89.375,94,85,450,250,95,85,30,25,15,10,30,25,95,85,0,0,1,0,Inf,Inf,Inf,Inf,Inf,Inf,Inf,Inf,Inf,Inf,Inf,Inf,Inf,Inf,Inf,Inf,Inf,Inf,Inf,Inf,Inf,Inf,Inf,Inf]';

% Constraints
nlcon = @(x)[x(1)*x(5)+x(1)*x(6);
             x(2)*x(5)+x(2)*x(6);
             x(3)*x(5)+x(3)*x(6);
             x(4)*x(5)+x(4)*x(6)+x(7)+x(8);
             x(9)+x(10);
             x(11)+x(12);
             x(13)+x(14);
             -(x(1)*x(5)+x(1)*x(6));
             x(5)+x(6);
             x(1)+x(2)+x(3)+x(4);
             x(1)*x(5)+x(2)*x(5)+x(3)*x(5)+x(4)*x(5)-x(5);
             x(1)*x(6)+x(2)*x(6)+x(3)*x(6)+x(4)*x(6)-x(6);
             -x(5)-x(7)-x(9)-x(11)-x(13)+x(15);
             -x(6)-x(8)-x(10)-x(12)-x(14)+x(16);
             x(17)*x(15)-(0.1*x(1)*x(5)+0.2*x(2)*x(5)+0.4*x(3)*x(5)+0.7*x(4)*x(5))-0.7*x(7)-18.15*x(9)-15.66*x(11)-34.73*x(13);
             x(18)*x(15)-(800*x(1)*x(5)+400*x(2)*x(5)+200*x(3)*x(5)+100*x(4)*x(5))-100*x(7);
             x(20)*x(15)-(20*x(1)*x(5)+60*x(2)*x(5)+55*x(3)*x(5)+50*x(4)*x(5))-50*x(7)-100*x(9)-100*x(11)-100*x(13);
             x(21)*x(15)-(70*x(1)*x(5)+85*x(2)*x(5)+80*x(3)*x(5)+75*x(4)*x(5))-75*x(7)-100*x(9)-100*x(11)-100*x(13);
             x(22)*x(15)-(50*x(1)*x(5)+30*x(2)*x(5)+25*x(3)*x(5)+10*x(4)*x(5))-10*x(7);
             x(23)*x(15)-(0.8*x(2)*x(5)+x(3)*x(5)+0.2*x(4)*x(5))-0.2*x(7);
             x(24)*x(15)-(10*x(1)*x(5)+15*x(2)*x(5)+15*x(3)*x(5)+5*x(4)*x(5))-5*x(7);
             x(25)*x(15)-18.15*x(9);
             x(26)*x(15)-15.66*x(11);
             x(27)*x(15)-34.73*x(13);
             x(28)*x(16)-(0.1*x(1)*x(6)+0.2*x(2)*x(6)+0.4*x(3)*x(6)+0.7*x(4)*x(6))-0.7*x(8)-18.15*x(10)-15.66*x(12)-34.73*x(14);
             x(29)*x(16)-(800*x(1)*x(6)+400*x(2)*x(6)+200*x(3)*x(6)+100*x(4)*x(6))-100*x(8);
             x(31)*x(16)-(20*x(1)*x(6)+60*x(2)*x(6)+55*x(3)*x(6)+50*x(4)*x(6))-50*x(8)-100*x(10)-100*x(12)-100*x(14);
             x(32)*x(16)-(70*x(1)*x(6)+85*x(2)*x(6)+80*x(3)*x(6)+75*x(4)*x(6))-75*x(8)-100*x(10)-100*x(12)-100*x(14);
             x(33)*x(16)-(50*x(1)*x(6)+30*x(2)*x(6)+25*x(3)*x(6)+10*x(4)*x(6))-10*x(8);
             x(34)*x(16)-(0.8*x(2)*x(6)+x(3)*x(6)+0.2*x(4)*x(6))-0.2*x(8);
             x(35)*x(16)-(10*x(1)*x(6)+15*x(2)*x(6)+15*x(3)*x(6)+5*x(4)*x(6))-5*x(8);
             x(36)*x(16)-18.15*x(10);
             x(37)*x(16)-15.66*x(12);
             x(38)*x(16)-34.73*x(14);
             x(19)^1.25*x(15)-(9.39050748043972*x(1)*x(5)+15.1566541273553*x(2)*x(5)+13.4543426440594*x(3)*x(5)+13.4543426440594*x(4)*x(5))-13.4543426440594*x(7)-14.3004303656297*x(9)-13.4543426440594*x(11)-16.8981453464332*x(13);
             x(30)^1.25*x(16)-(9.39050748043972*x(1)*x(6)+15.1566541273553*x(2)*x(6)+13.4543426440594*x(3)*x(6)+13.4543426440594*x(4)*x(6))-13.4543426440594*x(8)-14.3004303656297*x(10)-13.4543426440594*x(12)-16.8981453464332*x(14);
             -53.54*(0.444*exp((-1.26152)+0.0006197*x(18)+0.22239*x(23)+0.02655*x(183)-0.003376*x(185))+0.556*exp((-1.76845)-0.096047*x(17)+0.000337*x(18)+0.222318*x(23)+0.011882*x(183)+0.011251*x(185)))+x(205);
             -53.54*(0.444*exp((-1.26152)+0.0006197*x(29)+0.22239*x(34)+0.02655*x(184)-0.003376*x(186))+0.556*exp((-1.76845)-0.096047*x(28)+0.000337*x(29)+0.222318*x(34)+0.011882*x(184)+0.011251*x(186)))+x(206);
             -9.7*(0.444*exp(1.07807+0.0462131*x(25)-0.007166*x(183)-0.010226*x(185))+0.556*exp(1.36651-0.031352*x(24)+0.0462131*x(25)-0.007166*x(183)-0.010226*x(185)))+x(207);
             -9.7*(0.444*exp(1.07807+0.0462131*x(36)-0.007166*x(184)-0.010226*x(186))+0.556*exp(1.36651-0.031352*x(35)+0.0462131*x(36)-0.007166*x(184)-0.010226*x(186)))+x(208);
             -4.44*(0.444*exp(0.751747+0.0002631*x(18)+0.039786*x(19)-0.009594*x(25)+0.31658*x(26)+0.24925*x(27)-0.005525*x(183)-0.012172*x(185))+0.556*exp(1.09751+0.0002627*x(18)-0.05598*x(25)+0.3164665*x(26)+0.2493259*x(27)-0.005548*x(183)-0.012157*x(185)))+x(209);
             -4.44*(0.444*exp(0.751747+0.0002631*x(29)+0.039786*x(30)-0.009594*x(36)+0.31658*x(37)+0.24925*x(38)-0.005525*x(184)-0.012172*x(186))+0.556*exp(1.09751+0.0002627*x(29)-0.05598*x(36)+0.3164665*x(37)+0.2493259*x(38)-0.005548*x(184)-0.012157*x(186)))+x(210);
             -9.38*(0.444*exp(1.34704+0.0001552*x(18)-0.007253*x(20)+0.028235*x(24)-0.004005*x(183)-0.014866*x(185))+0.556*exp(0.694224-0.060771*x(17)-0.007311*x(20)+0.043696*x(24)-0.004005*x(183)-0.008052*x(185)))+x(211);
             -9.38*(0.444*exp(1.34704+0.0001552*x(29)-0.007253*x(31)+0.028235*x(35)-0.004005*x(184)-0.014866*x(186))+0.556*exp(0.694224-0.060771*x(28)-0.007311*x(31)+0.043696*x(35)-0.004005*x(184)-0.008052*x(186)))+x(212);
             -10*(1.75021*x(23)-0.603184*x(19)*x(23)-0.0402619*x(25)*x(23)+0.0738116*x(19)*x(19)*x(23)+0.0116427*x(19)*x(25)*x(23)-0.00255327*x(19)*x(19)*x(19)*x(23)-0.0010494*x(19)*x(19)*x(25)*x(23))+x(213);
             -10*(1.75021*x(34)-0.603184*x(30)*x(34)-0.0402619*x(36)*x(34)+0.0738116*x(30)*x(30)*x(34)+0.0116427*x(30)*x(36)*x(34)-0.00255327*x(30)*x(30)*x(30)*x(34)-0.0010494*x(30)*x(30)*x(36)*x(34))+x(214);
             0.003355*x(191)+x(205)+x(207)+x(209)+x(211)+x(213);
             0.003355*x(192)+x(206)+x(208)+x(210)+x(212)+x(214);
             -x(177)+x(185);
             -x(178)+x(186);
             20*x(41)+x(183);
             15*x(42)+x(184);
             10*x(41)-x(183);
             10*x(42)-x(184);
             -x(22)-30*x(41)+x(183);
             -x(33)-25*x(42)+x(184);
             x(22)-30*x(41)-x(183);
             x(33)-25*x(42)-x(184);
