% MATLAB - BARON Interface [J.Currie I2C2]
% Interface Version: v1.39 [22/05/12]
% File Generated: 22-May-2012 14:13:23
% Model: EPA_pooling_TC2_R1

% Objective
fun = @(x)3*x(1)*x(11)+3*x(1)*x(12)+3*x(1)*x(13)+2*x(2)*x(11)+2*x(2)*x(12)+2*x(2)*x(13)+3.5*x(3)*x(17)+3.5*x(3)*x(18)+3.5*x(3)*x(19)+2*x(4)*x(14)+2*x(4)*x(15)+2*x(4)*x(16)+x(5)*x(14)+x(5)*x(15)+x(5)*x(16)+3*x(6)*x(11)+3*x(6)*x(12)+3*x(6)*x(13)+0.7*x(7)*x(14)+0.7*x(7)*x(15)+0.7*x(7)*x(16)+0.5*x(8)*x(14)+0.5*x(8)*x(15)+0.5*x(8)*x(16)+0.3*x(9)*x(17)+0.3*x(9)*x(18)+0.3*x(9)*x(19)+2.5*x(10)*x(17)+2.5*x(10)*x(18)+2.5*x(10)*x(19)-6.3*x(11)-5.5*x(12)-5*x(13)-6.3*x(14)-5.5*x(15)-5*x(16)-6.3*x(17)-5.5*x(18)-5*x(19)+1.2*x(20)+2*x(21)+2.5*x(22)+4.2*x(23)+5*x(24)+5.5*x(25)+2.2*x(26)+3*x(27)+3.5*x(28)-0.8*x(29)+0.5*x(31);

% Bounds
lb = [0,0,0,0,0,0,0,0,0,0,0,0,0,0,0,0,0,0,0,0,0,0,0,0,0,0,0,0,0,0,0,100,0,50,0,0,6.4,30,70,0,0,0,0,0,2,0,0,6.4,30,70,0,0,0,0,0,1,0,0,6.4,30,70,0,0,0,0,0,0,-Inf,-Inf,-Inf,-Inf,-Inf,-Inf,-Inf,-Inf,-Inf,-Inf,-Inf,-Inf,-Inf,-Inf,-Inf,-Inf,-Inf,-Inf,-Inf,-Inf,-Inf,-Inf,-Inf,-Inf,-Inf,-Inf,-Inf,-Inf,-Inf,-Inf,-Inf,-Inf,-Inf,-Inf,-Inf,-Inf,-Inf,-Inf,-Inf,-Inf,-Inf,-Inf,-Inf,-Inf,-Inf,0,0,0,0,0,0,0,0,0,0,0,0,0,0,0,0,0,0,0,0,0,0,0,0,0,0,0,0,0,0,0,0,0,0,0,0,0,0,0,0,0,0,0,0,0,0,0,0,0,0,0,0,0,0,0,0,0,0,0,0,0,0,0,0,0,0,0,0,0,0,0,0,0,0,0,0,0,0,0,0,0,0,0,0,0,0,0,0,0,0,0,0,0,0,0,0,0,0,0,0,0,0,0,0,0,0,0,0,0,0,0,0,0,0,0,0,0,0,0,0,-0.04293,-0.1134,-0.04293,-0.1134,-0.04293,-0.1134,-0.0734256,-0.0759384,-0.0734256,-0.0759384,-0.0734256,-0.0759384,-0.211907,-0.212173,-0.211907,-0.212173,-0.211907,-0.212173,-0.2736076,-0.240796,-0.2736076,-0.240796,-0.2736076,-0.240796,6.4,6.4,6.4,33,33,33,18,18,18,83.6,83.6,83.6,72,72,72,10,10,10,70,70,70,18,18,18,3.77,3.77,3.77,10,10,10,70,70,70,-8,-8,-8,-2,-2,-2,-Inf,-Inf,-Inf,-Inf,-Inf,-Inf,-Inf,-Inf,-Inf,-Inf,-Inf,-Inf,-Inf,-Inf,-Inf,-Inf,-Inf,-Inf,-Inf,-Inf,-Inf,-Inf,-Inf,-Inf,-Inf,-Inf,-Inf,-Inf,-Inf,-Inf,-Inf,-Inf,-Inf,-Inf,-Inf,-Inf]';
ub = [1,1,1,1,1,1,1,1,1,1,275,275,275,525,525,400,375,375,375,5,5,5,10,10,10,10,10,10,100,100,100,700,800,400,3.7,130,10,70,100,50,2,25,3.7,3.7,3.7,3.7,200,10,70,100,50,2,25,3.7,3.7,3.7,3.7,250,10,70,100,50,2,25,3.7,3.7,3.7,Inf,Inf,Inf,Inf,Inf,Inf,Inf,Inf,Inf,Inf,Inf,Inf,Inf,Inf,Inf,Inf,Inf,Inf,Inf,Inf,Inf,Inf,Inf,Inf,Inf,Inf,Inf,Inf,Inf,Inf,Inf,Inf,Inf,Inf,Inf,Inf,Inf,Inf,Inf,Inf,Inf,Inf,Inf,Inf,Inf,0.1243908,0.14364,0.1719096,0.16128,0.2058516,0.17388,0.1243908,0.14364,0.1719096,0.16128,0.2058516,0.17388,0.1243908,0.14364,0.1719096,0.16128,0.2058516,0.17388,0.1243908,0.14364,0.1719096,0.16128,0.2058516,0.17388,0.1243908,0.14364,0.1719096,0.16128,0.2058516,0.17388,0.1243908,0.14364,0.1719096,0.16128,0.2058516,0.17388,0.20396,0.21094,0.20396,0.21094,0.20396,0.21094,0.20396,0.21094,0.20396,0.21094,0.20396,0.21094,0.20396,0.21094,0.20396,0.21094,0.20396,0.21094,0.20396,0.21094,0.20396,0.21094,0.20396,0.21094,0.20396,0.21094,0.20396,0.21094,0.20396,0.21094,0.20396,0.21094,0.20396,0.21094,0.20396,0.21094,0.278825,0.279175,0.278825,0.279175,0.278825,0.279175,0.278825,0.279175,0.278825,0.279175,0.278825,0.279175,0.278825,0.279175,0.278825,0.279175,0.278825,0.279175,0.278825,0.279175,0.278825,0.279175,0.278825,0.279175,0.295792,0.26032,0.295792,0.26032,0.295792,0.26032,0.295792,0.26032,0.295792,0.26032,0.295792,0.26032,0.295792,0.26032,0.295792,0.26032,0.295792,0.26032,0.295792,0.26032,0.295792,0.26032,0.295792,0.26032,0.0814608,0.03024,0.1289796,0.04788,0.1629216,0.06048,0.1305344,0.1350016,0.1305344,0.1350016,0.1305344,0.1350016,0.066918,0.067002,0.066918,0.067002,0.066918,0.067002,0.0221844,0.019524,0.0221844,0.019524,0.0221844,0.019524,10,10,10,65.52,65.52,65.52,46,46,46,99,99,99,94,94,94,130,200,250,95,95,95,36.8,36.8,36.8,19,19,19,50,50,50,95,95,95,4,4,4,1,1,1,Inf,Inf,Inf,Inf,Inf,Inf,Inf,Inf,Inf,Inf,Inf,Inf,Inf,Inf,Inf,Inf,Inf,Inf,Inf,Inf,Inf,Inf,Inf,Inf,Inf,Inf,Inf,Inf,Inf,Inf,Inf,Inf,Inf,Inf,Inf,Inf]';

% Constraints
nlcon = @(x)[x(1)*x(11)+x(1)*x(12)+x(1)*x(13);
             x(2)*x(11)+x(2)*x(12)+x(2)*x(13);
             x(3)*x(17)+x(3)*x(18)+x(3)*x(19);
             x(4)*x(14)+x(4)*x(15)+x(4)*x(16);
             x(5)*x(14)+x(5)*x(15)+x(5)*x(16);
             x(6)*x(11)+x(6)*x(12)+x(6)*x(13);
             x(7)*x(14)+x(7)*x(15)+x(7)*x(16);
             x(8)*x(14)+x(8)*x(15)+x(8)*x(16);
             x(9)*x(17)+x(9)*x(18)+x(9)*x(19);
             x(10)*x(17)+x(10)*x(18)+x(10)*x(19);
             x(20)+x(21)+x(22);
             x(23)+x(24)+x(25);
             x(26)+x(27)+x(28);
             x(29)+x(30)+x(31);
             -(x(8)*x(14)+x(8)*x(15)+x(8)*x(16));
             -(x(9)*x(17)+x(9)*x(18)+x(9)*x(19));
             -(x(10)*x(17)+x(10)*x(18)+x(10)*x(19));
             x(11)+x(12)+x(13);
             x(14)+x(15)+x(16);
             x(17)+x(18)+x(19);
             x(1)+x(2)+x(6);
             x(4)+x(5)+x(7)+x(8);
             x(3)+x(9)+x(10);
             x(1)*x(11)+x(2)*x(11)+x(6)*x(11)-x(11);
             x(1)*x(12)+x(2)*x(12)+x(6)*x(12)-x(12);
             x(1)*x(13)+x(2)*x(13)+x(6)*x(13)-x(13);
             x(4)*x(14)+x(5)*x(14)+x(7)*x(14)+x(8)*x(14)-x(14);
             x(4)*x(15)+x(5)*x(15)+x(7)*x(15)+x(8)*x(15)-x(15);
             x(4)*x(16)+x(5)*x(16)+x(7)*x(16)+x(8)*x(16)-x(16);
             x(3)*x(17)+x(9)*x(17)+x(10)*x(17)-x(17);
             x(3)*x(18)+x(9)*x(18)+x(10)*x(18)-x(18);
             x(3)*x(19)+x(9)*x(19)+x(10)*x(19)-x(19);
             -x(11)-x(14)-x(17)-x(20)-x(23)-x(26)-x(29)+x(32);
             -x(12)-x(15)-x(18)-x(21)-x(24)-x(27)-x(30)+x(33);
             -x(13)-x(16)-x(19)-x(22)-x(25)-x(28)-x(31)+x(34);
             x(35)*x(32)-18.15*x(20)-15.66*x(23)-15.66*x(26)-34.73*x(29);
             x(36)*x(32)-(50*x(4)*x(14)+100*x(5)*x(14)+15*x(6)*x(11)+200*x(7)*x(14)+400*x(8)*x(14)+700*x(9)*x(17)+10*x(10)*x(17));
             x(38)*x(32)-(100*x(1)*x(11)+100*x(2)*x(11)+50*x(3)*x(17)+100*x(4)*x(14)+70*x(5)*x(14)+60*x(6)*x(11)+85*x(7)*x(14)+45*x(8)*x(14)+15*x(9)*x(17)+30*x(10)*x(17))-100*x(20)-95*x(23)-70*x(26)-100*x(29);
             x(39)*x(32)-(100*x(1)*x(11)+100*x(2)*x(11)+95*x(3)*x(17)+100*x(4)*x(14)+100*x(5)*x(14)+85*x(6)*x(11)+100*x(7)*x(14)+80*x(8)*x(14)+60*x(9)*x(17)+70*x(10)*x(17))-100*x(20)-100*x(23)-100*x(26)-100*x(29);
             x(40)*x(32)-(7.5*x(5)*x(14)+3.2*x(6)*x(11)+10*x(7)*x(14)+35*x(8)*x(14)+65*x(9)*x(17)+60*x(10)*x(17));
             x(41)*x(32)-(2*x(5)*x(14)+x(7)*x(14)+3*x(8)*x(14)+4*x(9)*x(17)+5*x(10)*x(17));
             x(42)*x(32)-(37*x(5)*x(14)+12*x(6)*x(11)+60*x(7)*x(14)+20*x(8)*x(14)+15*x(9)*x(17)+3*x(10)*x(17));
             x(43)*x(32)-18.15*x(20);
             x(44)*x(32)-15.66*x(23);
             x(45)*x(32)-34.73*x(29);
             x(46)*x(33)-18.15*x(21)-15.66*x(24)-15.66*x(27)-34.73*x(30);
             x(47)*x(33)-(50*x(4)*x(15)+100*x(5)*x(15)+15*x(6)*x(12)+200*x(7)*x(15)+400*x(8)*x(15)+700*x(9)*x(18)+10*x(10)*x(18));
             x(49)*x(33)-(100*x(1)*x(12)+100*x(2)*x(12)+50*x(3)*x(18)+100*x(4)*x(15)+70*x(5)*x(15)+60*x(6)*x(12)+85*x(7)*x(15)+45*x(8)*x(15)+15*x(9)*x(18)+30*x(10)*x(18))-100*x(21)-95*x(24)-70*x(27)-100*x(30);
             x(50)*x(33)-(100*x(1)*x(12)+100*x(2)*x(12)+95*x(3)*x(18)+100*x(4)*x(15)+100*x(5)*x(15)+85*x(6)*x(12)+100*x(7)*x(15)+80*x(8)*x(15)+60*x(9)*x(18)+70*x(10)*x(18))-100*x(21)-100*x(24)-100*x(27)-100*x(30);
             x(51)*x(33)-(7.5*x(5)*x(15)+3.2*x(6)*x(12)+10*x(7)*x(15)+35*x(8)*x(15)+65*x(9)*x(18)+60*x(10)*x(18));
             x(52)*x(33)-(2*x(5)*x(15)+x(7)*x(15)+3*x(8)*x(15)+4*x(9)*x(18)+5*x(10)*x(18));
             x(53)*x(33)-(37*x(5)*x(15)+12*x(6)*x(12)+60*x(7)*x(15)+20*x(8)*x(15)+15*x(9)*x(18)+3*x(10)*x(18));
             x(54)*x(33)-18.15*x(21);
             x(55)*x(33)-15.66*x(24);
             x(56)*x(33)-34.73*x(30);
             x(57)*x(34)-18.15*x(22)-15.66*x(25)-15.66*x(28)-34.73*x(31);
             x(58)*x(34)-(50*x(4)*x(16)+100*x(5)*x(16)+15*x(6)*x(13)+200*x(7)*x(16)+400*x(8)*x(16)+700*x(9)*x(19)+10*x(10)*x(19));
