% MATLAB - BARON Interface [J.Currie I2C2]
% Interface Version: v1.39 [22/05/12]
% File Generated: 22-May-2012 11:13:30
% Model: contvar

% Objective
fun = @(x)63400*exp(0.6*x(1)+x(81)+x(89))+5750*exp(0.6*x(2)+x(82)+x(90))+5750*exp(0.6*x(3)+x(83)+x(91))+5750*exp(0.6*x(4)+x(84)+x(92))+5750*exp(0.6*x(5)+x(85)+x(93))+23100*exp(0.65*x(6)+x(86)+x(94))+5750*exp(0.6*x(7)+x(87)+x(95))+5750*exp(0.6*x(8)+x(88)+x(96))+5750*exp(0.6*x(9)+x(82)+x(90))+5750*exp(0.6*x(10)+x(84)+x(92))+360000*exp(0.975*x(11)+x(88)+x(96))+2900*exp(0.85*x(12)+x(82)+x(90))+12100*exp(0.75*x(13)+x(83)+x(91))+2900*exp(0.85*x(14)+x(84)+x(92))+2900*exp(0.85*x(15)+x(85)+x(93))+2900*exp(0.85*x(16)+x(87)+x(95))+5750*(exp(0.6*x(97))+exp(0.6*x(98))+exp(0.6*x(99))+exp(0.6*x(100))+exp(0.6*x(101))+exp(0.6*x(102))+exp(0.6*x(103))+exp(0.6*x(104)));

% Bounds
lb = [-1.6094379124341,-1.6094379124341,-1.6094379124341,-1.6094379124341,-1.6094379124341,-1.6094379124341,-1.6094379124341,-6.90775527898214,-1.6094379124341,-1.6094379124341,-6.90775527898214,0.693147180559945,-0.693147180559945,0.693147180559945,0.693147180559945,0.693147180559945,0,0,0,0,0,0,0,0,0,0,0,0,0,0,0,0,0,0,0,0,0,0,0,0,0,0,0,0,0,0,0,0,-Inf,-Inf,-Inf,-Inf,-Inf,0.587786664902119,-Inf,-Inf,-Inf,-Inf,-Inf,-Inf,-Inf,0.587786664902119,-Inf,-Inf,-Inf,-Inf,-Inf,-Inf,-Inf,0.587786664902119,-Inf,-Inf,-Inf,-Inf,-Inf,-Inf,-Inf,0.587786664902119,-Inf,-Inf,0,0,0,0,0,0,0,0,0,0,0,0,0,0,0,0,-2.30258509299405,-2.30258509299405,-2.30258509299405,-2.30258509299405,-2.30258509299405,-2.30258509299405,-2.30258509299405,-2.30258509299405,-6.90775527898214,-6.90775527898214,-6.90775527898214,-6.90775527898214,-Inf,-Inf,-Inf,-Inf,-Inf,-Inf,-Inf,-Inf,-Inf,-Inf,-Inf,-Inf,-Inf,-Inf,-Inf,-Inf,-Inf,-Inf,-Inf,-Inf,-Inf,-Inf,-Inf,-Inf,-Inf,-Inf,-Inf,-Inf,-Inf,-Inf,-Inf,-Inf,-Inf,-Inf,-Inf,-Inf,-Inf,-Inf,-Inf,-Inf,-Inf,-Inf,-Inf,-Inf,-Inf,-Inf,-Inf,-Inf,-Inf,-Inf,-Inf,-Inf,-Inf,-Inf,-Inf,-Inf,-Inf,-Inf,-Inf,-Inf,-Inf,-Inf,-Inf,-Inf,-Inf,-Inf,-Inf,-Inf,-Inf,-Inf,-Inf,-Inf,-Inf,-Inf,-Inf,-Inf,-Inf,-Inf,-Inf,-Inf,-Inf,-Inf,-Inf,-Inf,-Inf,-Inf,-Inf,-Inf,-Inf,-Inf,-Inf,-Inf,-Inf,-Inf,-Inf,-Inf,-Inf,-Inf,-Inf,-Inf,-Inf,-Inf,-Inf,-Inf,-Inf,-Inf,-Inf,-Inf,-Inf,-Inf,-Inf,-Inf,-Inf,-Inf,-Inf,-Inf,-Inf,-Inf,-Inf,-Inf,-Inf,-2.25129179860649,-Inf,-2.25129179860649,-Inf,-2.25129179860649,-Inf,-2.25129179860649,-Inf,-Inf,-Inf,-Inf,-Inf,-Inf,-Inf,-Inf,-Inf,0,0,-Inf,-Inf,-Inf,-Inf,-Inf,0,0,-Inf,-Inf,-Inf,-Inf,-Inf,-Inf,-Inf,-Inf,-Inf,-Inf,0.1,0.1,0.1,0.95,0.1,0.1,0.95,0.1,0.1,0.95,0.1,0.1,0.1,0.95,10,10,10,10,10,10,10,10,0.1,0.1,0.5,0.5,0.5,0.5,0.1,0.1,0.1,0.1]';
ub = [3.68887945411394,3.68887945411394,3.68887945411394,3.68887945411394,3.68887945411394,3.68887945411394,3.68887945411394,3.68887945411394,3.68887945411394,3.68887945411394,-0.693147180559945,6.90775527898214,2.99573227355399,6.90775527898214,6.90775527898214,6.90775527898214,5.29831736654804,5.29831736654804,5.29831736654804,5.29831736654804,5.29831736654804,5.29831736654804,5.29831736654804,5.29831736654804,5.29831736654804,5.29831736654804,5.29831736654804,5.29831736654804,5.29831736654804,5.29831736654804,5.29831736654804,5.29831736654804,5.29831736654804,5.29831736654804,5.29831736654804,5.29831736654804,5.29831736654804,5.29831736654804,5.29831736654804,5.29831736654804,5.29831736654804,5.29831736654804,5.29831736654804,5.29831736654804,5.29831736654804,5.29831736654804,5.29831736654804,5.29831736654804,Inf,Inf,Inf,Inf,Inf,0.587786664902119,Inf,Inf,Inf,Inf,Inf,Inf,Inf,0.587786664902119,Inf,Inf,Inf,Inf,Inf,Inf,Inf,0.587786664902119,Inf,Inf,Inf,Inf,Inf,Inf,Inf,0.587786664902119,Inf,Inf,1.6094379124341,1.6094379124341,1.6094379124341,1.6094379124341,1.6094379124341,1.6094379124341,1.6094379124341,1.6094379124341,1.6094379124341,1.6094379124341,1.6094379124341,1.6094379124341,1.6094379124341,1.6094379124341,1.6094379124341,1.6094379124341,6.90775527898214,6.90775527898214,6.90775527898214,6.90775527898214,6.90775527898214,6.90775527898214,6.90775527898214,6.90775527898214,2.99573227355399,2.99573227355399,2.99573227355399,2.99573227355399,Inf,Inf,Inf,Inf,Inf,Inf,Inf,0,Inf,Inf,Inf,Inf,Inf,Inf,Inf,Inf,Inf,Inf,Inf,Inf,Inf,Inf,Inf,Inf,Inf,Inf,Inf,Inf,Inf,Inf,Inf,Inf,Inf,Inf,Inf,Inf,Inf,Inf,Inf,Inf,Inf,Inf,Inf,Inf,Inf,Inf,Inf,Inf,Inf,Inf,Inf,Inf,Inf,Inf,Inf,Inf,Inf,Inf,Inf,Inf,Inf,Inf,Inf,Inf,Inf,Inf,Inf,Inf,Inf,Inf,Inf,Inf,Inf,Inf,Inf,Inf,Inf,Inf,Inf,Inf,Inf,Inf,Inf,Inf,Inf,Inf,Inf,Inf,1.6094379124341,1.6094379124341,1.6094379124341,1.6094379124341,1.6094379124341,1.6094379124341,1.6094379124341,1.6094379124341,1.6094379124341,1.6094379124341,1.6094379124341,1.6094379124341,1.6094379124341,1.6094379124341,1.6094379124341,1.6094379124341,1.6094379124341,1.6094379124341,1.6094379124341,1.6094379124341,1.6094379124341,1.6094379124341,1.6094379124341,1.6094379124341,1.6094379124341,1.6094379124341,1.6094379124341,1.6094379124341,1.6094379124341,1.6094379124341,1.6094379124341,1.6094379124341,Inf,-2.25129179860649,Inf,-2.25129179860649,Inf,-2.25129179860649,Inf,-2.25129179860649,Inf,Inf,Inf,Inf,Inf,Inf,Inf,Inf,Inf,0,0,Inf,Inf,Inf,Inf,Inf,0,0,Inf,Inf,Inf,Inf,Inf,Inf,Inf,Inf,Inf,Inf,1,1,1,0.95,1,1,0.95,1,1,0.95,1,1,1,0.95,54.5,54.5,54.5,54.5,250,250,250,250,10,10,10,10,6,6,4,4,4,4]';

% Constraints
