% MATLAB - BARON Interface [J.Currie I2C2]
% Interface Version: v1.39 [22/05/12]
% File Generated: 22-May-2012 11:18:42
% Model: feedtray2

% Objective
fun = @(x)x(88);

% Bounds
lb = [-Inf,-Inf,-Inf,-Inf,-Inf,-Inf,-Inf,-Inf,-Inf,-Inf,-Inf,-Inf,-Inf,-Inf,-Inf,-Inf,-Inf,-Inf,-Inf,-Inf,-Inf,-Inf,-Inf,-Inf,-Inf,-Inf,-Inf,-Inf,-Inf,-Inf,-Inf,-Inf,-Inf,-Inf,-Inf,-Inf,0,0,0,0,0,0,0,0,0,0,0,0,0,0,0,0,0,0,0,0,0,0,0,0,0,0,0,0,0,0,0,0,0,0,0,0,0,0,0,0,0,0,0,0,0,0,0,0,0,0,0,0]';
ub = [Inf,Inf,Inf,Inf,Inf,Inf,Inf,Inf,Inf,Inf,Inf,Inf,Inf,Inf,Inf,Inf,Inf,Inf,Inf,Inf,Inf,Inf,Inf,Inf,Inf,Inf,Inf,Inf,Inf,Inf,Inf,Inf,Inf,Inf,Inf,Inf,1,1,1,1,1,1,1,1,1,1,1,1,1,1,1,1,1,1,1,1,1,1,1,1,1,1,1,1,1,1,1,1,1,1,1,1,1,1,1,1,1,1,1,1,1,1,1,1,Inf,Inf,100,5]';

% Constraints
nlcon = @(x)[x(87)*x(61)+1000*x(1);
             x(87)*x(63)+1000*x(2);
             x(87)*x(65)+1000*x(3);
             x(87)*x(67)+1000*x(4);
             x(87)*x(69)+1000*x(5);
             x(87)*x(71)+1000*x(6);
             x(87)*x(73)+1000*x(7);
             x(87)*x(75)+1000*x(8);
             x(87)*x(77)+1000*x(9);
             x(87)*x(79)+1000*x(10);
             x(87)*x(81)+1000*x(11);
             x(87)*x(83)+1000*x(12);
             (100*x(14)+100*x(15)+100*x(16)+100*x(17)+100*x(18)+100*x(19)+100*x(20)+100*x(21)+100*x(22)+100*x(23)+100*x(24)+x(85))*x(39)+x(86)*x(63)-(100*x(15)+100*x(16)+100*x(17)+100*x(18)+100*x(19)+100*x(20)+100*x(21)+100*x(22)+100*x(23)+100*x(24)+x(85))*x(41)-x(86)*x(61)-80*x(14)-1000*x(2)+1000*x(26);
             (100*x(14)+100*x(15)+100*x(16)+100*x(17)+100*x(18)+100*x(19)+100*x(20)+100*x(21)+100*x(22)+100*x(23)+100*x(24)+x(85))*x(40)+x(86)*x(64)-(100*x(15)+100*x(16)+100*x(17)+100*x(18)+100*x(19)+100*x(20)+100*x(21)+100*x(22)+100*x(23)+100*x(24)+x(85))*x(42)-x(86)*x(62)-20*x(14)-1000*x(2)+1000*x(26);
             (100*x(15)+100*x(16)+100*x(17)+100*x(18)+100*x(19)+100*x(20)+100*x(21)+100*x(22)+100*x(23)+100*x(24)+x(85))*x(41)+x(86)*x(65)-(100*x(16)+100*x(17)+100*x(18)+100*x(19)+100*x(20)+100*x(21)+100*x(22)+100*x(23)+100*x(24)+x(85))*x(43)-x(86)*x(63)-80*x(15)-1000*x(3)+1000*x(27);
             (100*x(15)+100*x(16)+100*x(17)+100*x(18)+100*x(19)+100*x(20)+100*x(21)+100*x(22)+100*x(23)+100*x(24)+x(85))*x(42)+x(86)*x(66)-(100*x(16)+100*x(17)+100*x(18)+100*x(19)+100*x(20)+100*x(21)+100*x(22)+100*x(23)+100*x(24)+x(85))*x(44)-x(86)*x(64)-20*x(15)-1000*x(3)+1000*x(27);
             (100*x(16)+100*x(17)+100*x(18)+100*x(19)+100*x(20)+100*x(21)+100*x(22)+100*x(23)+100*x(24)+x(85))*x(43)+x(86)*x(67)-(100*x(17)+100*x(18)+100*x(19)+100*x(20)+100*x(21)+100*x(22)+100*x(23)+100*x(24)+x(85))*x(45)-x(86)*x(65)-80*x(16)-1000*x(4)+1000*x(28);
             (100*x(16)+100*x(17)+100*x(18)+100*x(19)+100*x(20)+100*x(21)+100*x(22)+100*x(23)+100*x(24)+x(85))*x(44)+x(86)*x(68)-(100*x(17)+100*x(18)+100*x(19)+100*x(20)+100*x(21)+100*x(22)+100*x(23)+100*x(24)+x(85))*x(46)-x(86)*x(66)-20*x(16)-1000*x(4)+1000*x(28);
             (100*x(17)+100*x(18)+100*x(19)+100*x(20)+100*x(21)+100*x(22)+100*x(23)+100*x(24)+x(85))*x(45)+x(86)*x(69)-(100*x(18)+100*x(19)+100*x(20)+100*x(21)+100*x(22)+100*x(23)+100*x(24)+x(85))*x(47)-x(86)*x(67)-80*x(17)-1000*x(5)+1000*x(29);
             (100*x(17)+100*x(18)+100*x(19)+100*x(20)+100*x(21)+100*x(22)+100*x(23)+100*x(24)+x(85))*x(46)+x(86)*x(70)-(100*x(18)+100*x(19)+100*x(20)+100*x(21)+100*x(22)+100*x(23)+100*x(24)+x(85))*x(48)-x(86)*x(68)-20*x(17)-1000*x(5)+1000*x(29);
             (100*x(18)+100*x(19)+100*x(20)+100*x(21)+100*x(22)+100*x(23)+100*x(24)+x(85))*x(47)+x(86)*x(71)-(100*x(19)+100*x(20)+100*x(21)+100*x(22)+100*x(23)+100*x(24)+x(85))*x(49)-x(86)*x(69)-80*x(18)-1000*x(6)+1000*x(30);
             (100*x(18)+100*x(19)+100*x(20)+100*x(21)+100*x(22)+100*x(23)+100*x(24)+x(85))*x(48)+x(86)*x(72)-(100*x(19)+100*x(20)+100*x(21)+100*x(22)+100*x(23)+100*x(24)+x(85))*x(50)-x(86)*x(70)-20*x(18)-1000*x(6)+1000*x(30);
             (100*x(19)+100*x(20)+100*x(21)+100*x(22)+100*x(23)+100*x(24)+x(85))*x(49)+x(86)*x(73)-(100*x(20)+100*x(21)+100*x(22)+100*x(23)+100*x(24)+x(85))*x(51)-x(86)*x(71)-80*x(19)-1000*x(7)+1000*x(31);
             (100*x(19)+100*x(20)+100*x(21)+100*x(22)+100*x(23)+100*x(24)+x(85))*x(50)+x(86)*x(74)-(100*x(20)+100*x(21)+100*x(22)+100*x(23)+100*x(24)+x(85))*x(52)-x(86)*x(72)-20*x(19)-1000*x(7)+1000*x(31);
             (100*x(20)+100*x(21)+100*x(22)+100*x(23)+100*x(24)+x(85))*x(51)+x(86)*x(75)-(100*x(21)+100*x(22)+100*x(23)+100*x(24)+x(85))*x(53)-x(86)*x(73)-80*x(20)-1000*x(8)+1000*x(32);
             (100*x(20)+100*x(21)+100*x(22)+100*x(23)+100*x(24)+x(85))*x(52)+x(86)*x(76)-(100*x(21)+100*x(22)+100*x(23)+100*x(24)+x(85))*x(54)-x(86)*x(74)-20*x(20)-1000*x(8)+1000*x(32);
             (100*x(21)+100*x(22)+100*x(23)+100*x(24)+x(85))*x(53)+x(86)*x(77)-(100*x(22)+100*x(23)+100*x(24)+x(85))*x(55)-x(86)*x(75)-80*x(21)-1000*x(9)+1000*x(33);
             (100*x(21)+100*x(22)+100*x(23)+100*x(24)+x(85))*x(54)+x(86)*x(78)-(100*x(22)+100*x(23)+100*x(24)+x(85))*x(56)-x(86)*x(76)-20*x(21)-1000*x(9)+1000*x(33);
             (100*x(22)+100*x(23)+100*x(24)+x(85))*x(55)+x(86)*x(79)-(100*x(23)+100*x(24)+x(85))*x(57)-x(86)*x(77)-80*x(22)-1000*x(10)+1000*x(34);
             (100*x(22)+100*x(23)+100*x(24)+x(85))*x(56)+x(86)*x(80)-(100*x(23)+100*x(24)+x(85))*x(58)-x(86)*x(78)-20*x(22)-1000*x(10)+1000*x(34);
             (100*x(23)+100*x(24)+x(85))*x(57)+x(86)*x(81)-(100*x(24)+x(85))*x(59)-x(86)*x(79)-80*x(23)-1000*x(11)+1000*x(35);
             (100*x(23)+100*x(24)+x(85))*x(58)+x(86)*x(82)-(100*x(24)+x(85))*x(60)-x(86)*x(80)-20*x(23)-1000*x(11)+1000*x(35);
             x(86)*x(61)-(100+x(85))*x(39)+80*x(37);
             x(86)*x(62)-(100+x(85))*x(40)+80*x(38);
             (100*x(14)+100*x(15)+100*x(16)+100*x(17)+100*x(18)+100*x(19)+100*x(20)+100*x(21)+100*x(22)+100*x(23)+100*x(24)+x(85))*x(39)+x(86)*x(63)-(100*x(15)+100*x(16)+100*x(17)+100*x(18)+100*x(19)+100*x(20)+100*x(21)+100*x(22)+100*x(23)+100*x(24)+x(85))*x(41)-x(86)*x(61)-80*x(14)-1000*x(2)+1000*x(26);
             (100*x(14)+100*x(15)+100*x(16)+100*x(17)+100*x(18)+100*x(19)+100*x(20)+100*x(21)+100*x(22)+100*x(23)+100*x(24)+x(85))*x(40)+x(86)*x(64)-(100*x(15)+100*x(16)+100*x(17)+100*x(18)+100*x(19)+100*x(20)+100*x(21)+100*x(22)+100*x(23)+100*x(24)+x(85))*x(42)-x(86)*x(62)-20*x(14)-1000*x(2)+1000*x(26);
             (100*x(15)+100*x(16)+100*x(17)+100*x(18)+100*x(19)+100*x(20)+100*x(21)+100*x(22)+100*x(23)+100*x(24)+x(85))*x(41)+x(86)*x(65)-(100*x(16)+100*x(17)+100*x(18)+100*x(19)+100*x(20)+100*x(21)+100*x(22)+100*x(23)+100*x(24)+x(85))*x(43)-x(86)*x(63)-80*x(15)-1000*x(3)+1000*x(27);
             (100*x(15)+100*x(16)+100*x(17)+100*x(18)+100*x(19)+100*x(20)+100*x(21)+100*x(22)+100*x(23)+100*x(24)+x(85))*x(42)+x(86)*x(66)-(100*x(16)+100*x(17)+100*x(18)+100*x(19)+100*x(20)+100*x(21)+100*x(22)+100*x(23)+100*x(24)+x(85))*x(44)-x(86)*x(64)-20*x(15)-1000*x(3)+1000*x(27);
             (100*x(16)+100*x(17)+100*x(18)+100*x(19)+100*x(20)+100*x(21)+100*x(22)+100*x(23)+100*x(24)+x(85))*x(43)+x(86)*x(67)-(100*x(17)+100*x(18)+100*x(19)+100*x(20)+100*x(21)+100*x(22)+100*x(23)+100*x(24)+x(85))*x(45)-x(86)*x(65)-80*x(16)-1000*x(4)+1000*x(28);
             (100*x(16)+100*x(17)+100*x(18)+100*x(19)+100*x(20)+100*x(21)+100*x(22)+100*x(23)+100*x(24)+x(85))*x(44)+x(86)*x(68)-(100*x(17)+100*x(18)+100*x(19)+100*x(20)+100*x(21)+100*x(22)+100*x(23)+100*x(24)+x(85))*x(46)-x(86)*x(66)-20*x(16)-1000*x(4)+1000*x(28);
             (100*x(17)+100*x(18)+100*x(19)+100*x(20)+100*x(21)+100*x(22)+100*x(23)+100*x(24)+x(85))*x(45)+x(86)*x(69)-(100*x(18)+100*x(19)+100*x(20)+100*x(21)+100*x(22)+100*x(23)+100*x(24)+x(85))*x(47)-x(86)*x(67)-80*x(17)-1000*x(5)+1000*x(29);
             (100*x(17)+100*x(18)+100*x(19)+100*x(20)+100*x(21)+100*x(22)+100*x(23)+100*x(24)+x(85))*x(46)+x(86)*x(70)-(100*x(18)+100*x(19)+100*x(20)+100*x(21)+100*x(22)+100*x(23)+100*x(24)+x(85))*x(48)-x(86)*x(68)-20*x(17)-1000*x(5)+1000*x(29);
