% MATLAB - BARON Interface [J.Currie I2C2]
% Interface Version: v1.39 [22/05/12]
% File Generated: 22-May-2012 11:18:58
% Model: hda

% Objective
fun = @(x)x(723);

% Bounds
lb = [0,-9.98224908514663,0.000117760330057457,0.000184834977784856,0,0,0,0,1,1,1,1,0,8,0,0,32,0,0.02,0.5,0.02,0.024,0.6,0.024,1.02,0.1,0.1,71.4094021436986,2.02977124473149,12.4449311655046,3,3,3,2.5,0.1,0.1,0.975,0.975,0,0,0,0.975,0.975,0,0,0,0.99,0.99,0.9,0.9,0,0,0,0,0,0,0,0,0,100,100,0.1,0.1,0.1,0.1,0.1,8.9427,8.9427,3.4474,3.4474,0,0,0.0123470606886499,0.0123470606886499,0,0,0,0,0,0,0,3,3,3,3,3,3,0.1,0.1,0.1,0.1,0.1,0.1,3,3,3,0.1,0.1,0.1,64.5007008990703,25.4212355554268,0.0138111626934871,0.00417075923666799,4.61664420746077e-06,30.9258989415266,0.0320382713504675,72.8375901865726,1.02,0.0999999999999999,0.0383912908193329,0.235127309588761,0.0999999999999999,0.0999999999999999,0.000960400687475034,1.74971545292808,0.0999999999999999,72.5237288782701,50.1320713690688,0.235127309588761,0.0999999999999999,0.000960400687475034,64.5007008990703,25.4212355554268,0.0138111626934871,0.00417075923666799,4.61664420746077e-06,0,0.5,0,0,0,0,0,0,0,0,0,0,0,0,0,0,0,0,0,0,0,0,0,0,0,0,0,0,0,0,0,0,0,0,0,0,2.08,0,0,0,0,0,0,0,0,0,0,0,0,0,0,0,0,0,0,0,0,0,0,0,0,0,0,0,0,0,0,0,0,0,0,0,0,0,0,0,0,0,0,0,0,0,0,0,0,0,0,0,0,0,0,0,0,0,0,0,0,0,0,0,0,0,0,0,0,0,0,0,0,0,0,0,0,0,0,0,0,0,0,0,0,0,0,0,0,0,0,0,0,0,0,0,0,0,0,0,0,0,0,0,0,0,0,0,0,0,0,0,0,0,0,0,0,0,0,0,0,0,0,0,0,0,0,0,0,0,0,0,0,0,0,0,0,0,0,0,0,0,0,0,0,0,0,0,0,0,0,0,0,0,0,0,0,0,0,0,0,0,0,0,0,0,0,0,0,0,0,0,0,0,0,0,0,0,0,0,0,0,0,0,0,0,0,0,0,0,0,0,0,0,0,0,0,0,0,0,0,0,0,0,0,0,0,0,0,0,0,0,0,0,0,0,0,0,0,0,0,0,0,0,0,0,0,0,0,0,0,0,0,0,0,0,0,0,0,0,0,0,0,0,0,0,0,0,0,0,0,0,0,0,0,0,0,0,0,0,0,0,0,0,0,0,0,0,0,0,0,0,0,0,0,0,0,0,0,0,0,0,0,0,0,0,0,0,0,0,0,0,0,0,0,0,0,0,0,0,0,0,0,0,0,0,0,0,0,0,0,0,0,0,0,0,0,0,0,0,0,0,0,0,0,0,0,0,0,0,0,0,0,0,0,0,0,0,0,0,0,0,0,0,0,0,0,0,0,0,0,0,0,0,0,0,0,0,0,0,0,0,0,0,0,0,0,0,0,0,0,0,0,0,0,0,0,0,0,0,0,0,0,0,0,0,0,0,0,0,0,0,0,0,0,0,0,0,0,0,0,0,3.93,0.1,0.1,0.1,0.1,0.1,0.1,0.1,0.1,0.1,0.1,0.1,0.1,0.1,0.1,0.1,0.1,0.1,0.1,0.1,0.1,0.1,0.1,0.1,0.1,0.1,0.1,0.1,0.1,0.1,0.1,0.1,0.1,0.1,0.1,0.1,0.1,0.1,0.1,0.1,0.1,0.1,0.1,0.1,0.1,0.1,0.1,0.1,0.1,0.1,0.1,0.1,0.1,0.1,0.1,0.1,0.1,0.1,0.1,0.1,0.1,0.1,0.1,0.1,3.93,0.1,0.1,0.1,0.1,0.1,0.1,0.1,3,3,3,3,3,3,3,3,8.943,3,3,3,3,3,3,3,3,3,3,3,3,3,3,3,3,3.2,4.53108357742166,3,3,3,3.52825122106359,3.83313403643788,3,3.83313403643788,5.27759721989672,3,3,3,3,3.83313403643788,3,3,3,3,3,3,3,2,2,2,3,3,3,3,3,3,3,3,3,3,3,3,3,3,3,3,3,3,3,3,3,3,-Inf,-Inf,-Inf,-Inf,-Inf,-Inf,-Inf,-Inf,-Inf,-Inf,-Inf,-Inf,-Inf,22.5,-100000000]';
ub = [40,15,5.72649360184566,15,100,100,100,100,2.66666666666667,2.66666666666667,2.66666666666667,2.66666666666667,4,14,4,16,56,16,0.1,2,0.1,0.12,2.4,0.12,1.02,0.4,0.25,965.279886771274,2.60475742976692,104.12320743221,4.5,4.5,6.5,3.25,3.25,3.25,1,1,0.075,0.05,0.001,1,1,0.2,0.1,0.01,1,1,1,1,0.4,10,10,10,10,10,10,10,10,10000,10000,4,4,4,4,4,9.776,9.776,3.4474,3.4474,200,200,0.149543100293268,0.149543100293268,0.973,0.973,0.9964,0.9964,Inf,Inf,100,10,10,10,10,10,10,4,4,4,4,4,4,10,10,10,4,4,4,77.2227743679247,71.8155004462401,0.966001232416845,0.485767742437289,0.0127264482193605,30.9258989415266,0.0320382713504675,72.8375901865726,1.02,0.4,0.181226443114204,0.811908497892596,0.4,0.25,0.00432018103288118,3.11123279137614,0.25,86.3238670975489,134.947014894021,10.096515646078,6.67474646708393,0.835128263080712,77.2227743679247,71.8155004462401,0.966001232416845,0.485767742437289,0.0127264482193605,0.5,1,1,1,1,1,10,10,10,10,10,10,10,50,50,50,50,50,50,50,50,50,50,50,10,10,10,10,10,10,10,10,10,10,10,10,2.08,10,10,10,10,10,10,10,10,10,10,10,10,10,10,10,10,10,10,10,50,10,50,10,50,50,50,50,50,10,10,10,10,10,10,10,10,10,50,50,50,10,10,10,10,10,10,10,10,10,10,10,10,10,10,10,10,10,10,10,10,10,10,10,10,10,10,10,10,10,10,10,10,10,10,10,10,30,30,30,30,30,30,30,30,30,30,30,30,30,30,30,30,30,30,30,30,30,30,30,30,30,30,30,30,30,30,30,30,30,30,30,30,30,30,30,30,30,30,30,30,30,30,30,30,30,30,30,30,30,30,30,10,10,10,10,10,10,10,10,10,10,10,10,10,10,10,10,10,10,10,10,10,10,10,10,10,10,10,10,10,10,10,10,10,10,10,10,10,10,10,10,10,10,10,10,10,10,10,10,10,10,10,10,10,10,10,10,10,10,10,10,10,10,10,10,10,10,10,10,10,10,10,10,10,10,10,10,10,10,10,10,10,10,10,10,10,10,10,10,10,10,10,10,10,10,10,10,10,10,10,10,10,10,10,10,10,10,10,10,10,10,10,10,10,10,10,10,10,10,10,10,10,10,10,10,10,10,10,10,10,10,10,10,10,10,10,10,10,10,10,10,10,10,10,10,10,10,10,10,10,10,10,10,10,10,10,10,10,10,10,10,30,30,30,30,30,10,10,10,10,10,30,30,30,30,30,10,10,10,10,10,30,30,30,30,30,30,30,30,30,30,30,30,30,30,30,30,30,30,30,30,30,30,30,30,30,10,10,10,10,10,10,10,10,10,10,10,10,10,10,10,10,10,10,10,10,10,10,10,10,10,10,10,10,10,10,10,10,10,10,10,10,10,10,10,10,10,10,10,10,10,30,30,30,30,30,30,30,30,30,30,30,30,30,30,30,10,10,10,10,10,3.93,4,4,4,4,4,4,4,4,4,4,4,4,4,4,4,4,4,4,4,4,4,4,4,4,4,4,4,4,4,4,4,4,4,4,4,4,4,4,4,4,4,4,4,4,4,4,4,4,4,4,4,4,4,4,4,4,4,4,4,4,4,4,4,3.93,4,4,4,4,4,4,4,3,10,10,10,10,10,10,10,10,10,10,10,10,10,10,8.943,10,10,4.5,10,10,10,10,10,10,3.2,4.53108357742166,10,10,10,4.05588566108941,4.40384530495223,10,4.18943951202988,5.73574462016099,10,10,10,10,6.5,10,10,10,10,10,10,4.5,10,10,10,10,10,10,10,10,10,10,10,10,10,10,10,10,10,3,3,10,10,10,10,10,10,Inf,Inf,Inf,Inf,Inf,Inf,Inf,Inf,Inf,Inf,Inf,Inf,Inf,22.5,Inf]';

% Constraints
