% This BARON input file was generated by the MATLAB/BARON interface.
% The BARON/MATLAB interface was developed by J. Currie.  The interface
% is provided free of charge and with no warranties from The Optimization
% Firm, http://www.minlp.com.
% Interface version: v1.51 [17-Dec-2013]
% File generated: 01-Jun-2015 09:57:45
% Model: inf_nlp_54

% Objective
fun = @(x)x(24);

% Bounds
lb = [50,0.4,500,500,-Inf,-Inf,0,0,0,0,0,0,0,0,0,-Inf,-Inf,-Inf,-Inf,-Inf,-Inf,-Inf,-Inf,-Inf,-Inf,-Inf,-Inf,-Inf,-Inf,-Inf,-Inf]';
ub = [500,10,50000,50000,Inf,Inf,Inf,Inf,Inf,Inf,Inf,Inf,Inf,Inf,Inf,Inf,Inf,Inf,Inf,Inf,Inf,Inf,Inf,Inf,Inf,Inf,Inf,Inf,Inf,Inf,Inf]';

% Constraints
nlcon = @(x)[-1e-9*(0.19895*exp(-0.00388973987753543*x(1))+1.41446*exp(-0.0209081278046947*x(1)))+x(6);
             -2.548*0.9964^x(1)*x(1)^0.5213+x(5);
             x(7)*x(5)-0.006284*x(1)*x(2);
             1146.1706569/x(4)+1.2731*(1659.94/x(3)-900.299/x(4))+1.2731*x(7);
             343.8241881/x(4)+0.3819*(1659.94/x(3)-900.299/x(4))+0.3819*x(7);
             685.127539/x(4)+0.761*(1659.94/x(3)-900.299/x(4))+0.761*x(7);
             209.6796371/x(4)+0.2329*(1659.94/x(3)-900.299/x(4))+0.2329*x(7);
             500.2961543/x(4)+0.5557*(1659.94/x(3)-900.299/x(4))+0.5557*x(7);
             165.9251057/x(4)+0.1843*(1659.94/x(3)-900.299/x(4))+0.1843*x(7);
             340.313022/x(4)+0.378*(1659.94/x(3)-900.299/x(4))+0.378*x(7);
             132.2539231/x(4)+0.1469*(1659.94/x(3)-900.299/x(4))+0.1469*x(7);
             (0.9+1146.1706569/x(4)+1.2731*x(7))/(1.2-1.2731*(1659.94/x(3)-900.299/x(4)));
             (0.9+343.8241881/x(4)+0.3819*x(7))/(1.2-0.3819*(1659.94/x(3)-900.299/x(4)));
             (0.8+685.127539/x(4)+0.761*x(7))/(1.2-0.761*(1659.94/x(3)-900.299/x(4)));
             (0.8+209.6796371/x(4)+0.2329*x(7))/(1.2-0.2329*(1659.94/x(3)-900.299/x(4)));
             (0.75+500.2961543/x(4)+0.5557*x(7))/(1.2-0.5557*(1659.94/x(3)-900.299/x(4)));
             (0.75+165.9251057/x(4)+0.1843*x(7))/(1.2-0.1843*(1659.94/x(3)-900.299/x(4)));
             (0.7+340.313022/x(4)+0.378*x(7))/(1.2-0.378*(1659.94/x(3)-900.299/x(4)));
             (0.7+132.2539231/x(4)+0.1469*x(7))/(1.2-0.1469*(1659.94/x(3)-900.299/x(4)));
             -((900.299-(810.2691+1031896.29623641/x(4)+1146.1706569*x(7))/(1.2-1.2731*(1659.94/x(3)-900.299/x(4))))/x(4)+(1493.946+1902574.52021459/x(4)+2113.269614*x(7))/(1.2-1.2731*(1659.94/x(3)-900.299/x(4)))/x(3))+x(8);
             -((900.299-(810.2691+309544.572722242/x(4)+343.8241881*x(7))/(1.2-0.3819*(1659.94/x(3)-900.299/x(4))))/x(4)+(1493.946+570727.522794714/x(4)+633.931086*x(7))/(1.2-0.3819*(1659.94/x(3)-900.299/x(4)))/x(3))+x(9);
             -((900.299-(720.2392+616819.638234161/x(4)+685.127539*x(7))/(1.2-0.761*(1659.94/x(3)-900.299/x(4))))/x(4)+(1327.952+1137270.60708766/x(4)+1263.21434*x(7))/(1.2-0.761*(1659.94/x(3)-900.299/x(4)))/x(3))+x(10);
             -((900.299-(720.2392+188774.367601493/x(4)+209.6796371*x(7))/(1.2-0.2329*(1659.94/x(3)-900.299/x(4))))/x(4)+(1327.952+348055.616807774/x(4)+386.600026*x(7))/(1.2-0.2329*(1659.94/x(3)-900.299/x(4)))/x(3))+x(11);
             -((900.299-(675.22425+450416.127420136/x(4)+500.2961543*x(7))/(1.2-0.5557*(1659.94/x(3)-900.299/x(4))))/x(4)+(1244.955+830461.598368742/x(4)+922.428658*x(7))/(1.2-0.5557*(1659.94/x(3)-900.299/x(4)))/x(3))+x(12);
             -((900.299-(675.22425+149382.206736604/x(4)+165.9251057*x(7))/(1.2-0.1843*(1659.94/x(3)-900.299/x(4))))/x(4)+(1244.955+275425.719955658/x(4)+305.926942*x(7))/(1.2-0.1843*(1659.94/x(3)-900.299/x(4)))/x(3))+x(13);
             -((900.299-(630.2093+306383.473393578/x(4)+340.313022*x(7))/(1.2-0.378*(1659.94/x(3)-900.299/x(4))))/x(4)+(1161.958+564899.19773868/x(4)+627.45732*x(7))/(1.2-0.378*(1659.94/x(3)-900.299/x(4)))/x(3))+x(14);
             -((900.299-(630.2093+119068.074713007/x(4)+132.2539231*x(7))/(1.2-0.1469*(1659.94/x(3)-900.299/x(4))))/x(4)+(1161.958+219533.577110614/x(4)+243.845186*x(7))/(1.2-0.1469*(1659.94/x(3)-900.299/x(4)))/x(3))+x(15);
             (540+687702.39414/x(4)+763.86*x(7))/(1.2-1.2731*(1659.94/x(3)-900.299/x(4)))*(1-(0.9+1146.1706569/x(4)+1.2731*x(7))/(1.2-1.2731*(1659.94/x(3)-900.299/x(4))))/(x(1)*x(2));
             (540+206294.51286/x(4)+229.14*x(7))/(1.2-0.3819*(1659.94/x(3)-900.299/x(4)))*(1-(0.9+343.8241881/x(4)+0.3819*x(7))/(1.2-0.3819*(1659.94/x(3)-900.299/x(4))))/(x(1)*x(2));
             (480+411076.5234/x(4)+456.6*x(7))/(1.2-0.761*(1659.94/x(3)-900.299/x(4)))*(1-(0.8+685.127539/x(4)+0.761*x(7))/(1.2-0.761*(1659.94/x(3)-900.299/x(4))))/(x(1)*x(2));
             (480+125807.78226/x(4)+139.74*x(7))/(1.2-0.2329*(1659.94/x(3)-900.299/x(4)))*(1-(0.8+209.6796371/x(4)+0.2329*x(7))/(1.2-0.2329*(1659.94/x(3)-900.299/x(4))))/(x(1)*x(2));
             (450+300177.69258/x(4)+333.42*x(7))/(1.2-0.5557*(1659.94/x(3)-900.299/x(4)))*(1-(0.75+500.2961543/x(4)+0.5557*x(7))/(1.2-0.5557*(1659.94/x(3)-900.299/x(4))))/(x(1)*x(2));
             (450+99555.06342/x(4)+110.58*x(7))/(1.2-0.1843*(1659.94/x(3)-900.299/x(4)))*(1-(0.75+165.9251057/x(4)+0.1843*x(7))/(1.2-0.1843*(1659.94/x(3)-900.299/x(4))))/(x(1)*x(2));
             (420+204187.8132/x(4)+226.8*x(7))/(1.2-0.378*(1659.94/x(3)-900.299/x(4)))*(1-(0.7+340.313022/x(4)+0.378*x(7))/(1.2-0.378*(1659.94/x(3)-900.299/x(4))))/(x(1)*x(2));
             (420+79352.35386/x(4)+88.14*x(7))/(1.2-0.1469*(1659.94/x(3)-900.299/x(4)))*(1-(0.7+132.2539231/x(4)+0.1469*x(7))/(1.2-0.1469*(1659.94/x(3)-900.299/x(4))))/(x(1)*x(2));
             -(0.9+1146.1706569/x(4)+1.2731*x(7))/(1.2-1.2731*(1659.94/x(3)-900.299/x(4)))+x(16);
             -(0.9+343.8241881/x(4)+0.3819*x(7))/(1.2-0.3819*(1659.94/x(3)-900.299/x(4)))+x(17);
             -(0.8+685.127539/x(4)+0.761*x(7))/(1.2-0.761*(1659.94/x(3)-900.299/x(4)))+x(18);
             -(0.8+209.6796371/x(4)+0.2329*x(7))/(1.2-0.2329*(1659.94/x(3)-900.299/x(4)))+x(19);
             -(0.75+500.2961543/x(4)+0.5557*x(7))/(1.2-0.5557*(1659.94/x(3)-900.299/x(4)))+x(20);
             -(0.75+165.9251057/x(4)+0.1843*x(7))/(1.2-0.1843*(1659.94/x(3)-900.299/x(4)))+x(21);
             -(0.7+340.313022/x(4)+0.378*x(7))/(1.2-0.378*(1659.94/x(3)-900.299/x(4)))+x(22);
             -(0.7+132.2539231/x(4)+0.1469*x(7))/(1.2-0.1469*(1659.94/x(3)-900.299/x(4)))+x(23);
             (540+687702.39414/x(4)+763.86*x(7))/(1.2-1.2731*(1659.94/x(3)-900.299/x(4)))*(1-(0.9+1146.1706569/x(4)+1.2731*x(7))/(1.2-1.2731*(1659.94/x(3)-900.299/x(4))))/(x(1)*x(2));
             (540+206294.51286/x(4)+229.14*x(7))/(1.2-0.3819*(1659.94/x(3)-900.299/x(4)))*(1-(0.9+343.8241881/x(4)+0.3819*x(7))/(1.2-0.3819*(1659.94/x(3)-900.299/x(4))))/(x(1)*x(2));
             (480+411076.5234/x(4)+456.6*x(7))/(1.2-0.761*(1659.94/x(3)-900.299/x(4)))*(1-(0.8+685.127539/x(4)+0.761*x(7))/(1.2-0.761*(1659.94/x(3)-900.299/x(4))))/(x(1)*x(2));
             (480+125807.78226/x(4)+139.74*x(7))/(1.2-0.2329*(1659.94/x(3)-900.299/x(4)))*(1-(0.8+209.6796371/x(4)+0.2329*x(7))/(1.2-0.2329*(1659.94/x(3)-900.299/x(4))))/(x(1)*x(2));
             (450+300177.69258/x(4)+333.42*x(7))/(1.2-0.5557*(1659.94/x(3)-900.299/x(4)))*(1-(0.75+500.2961543/x(4)+0.5557*x(7))/(1.2-0.5557*(1659.94/x(3)-900.299/x(4))))/(x(1)*x(2));
             (450+99555.06342/x(4)+110.58*x(7))/(1.2-0.1843*(1659.94/x(3)-900.299/x(4)))*(1-(0.75+165.9251057/x(4)+0.1843*x(7))/(1.2-0.1843*(1659.94/x(3)-900.299/x(4))))/(x(1)*x(2));
             (420+204187.8132/x(4)+226.8*x(7))/(1.2-0.378*(1659.94/x(3)-900.299/x(4)))*(1-(0.7+340.313022/x(4)+0.378*x(7))/(1.2-0.378*(1659.94/x(3)-900.299/x(4))))/(x(1)*x(2));
             (420+79352.35386/x(4)+88.14*x(7))/(1.2-0.1469*(1659.94/x(3)-900.299/x(4)))*(1-(0.7+132.2539231/x(4)+0.1469*x(7))/(1.2-0.1469*(1659.94/x(3)-900.299/x(4))))/(x(1)*x(2));
             -((1.62078361+0.333333333333333*(600*x(16)*(1-x(16))/(x(1)*x(2)))^2)*(x(7)+x(8))+(1.44*x(3)+1.44*x(4))*x(6)*x(1))+x(24);
             -((0.14584761+0.333333333333333*(600*x(17)*(1-x(17))/(x(1)*x(2)))^2)*(x(7)+x(9))+(1.44*x(3)+1.44*x(4))*x(6)*x(1))+x(25);
