% This BARON input file was generated by the MATLAB/BARON interface.
% The BARON/MATLAB interface was developed by J. Currie.  The interface
% is provided free of charge and with no warranties from The Optimization
% Firm, http://www.minlp.com.
% Interface version: v1.51 [17-Dec-2013]
% File generated: 30-May-2015 14:21:58
% Model: inf_mip_21

% Objective
fun = @(x)5.6505*x(1)+2.6505*x(2)+2.6505*x(3)+2.6505*x(4)+1.6505*x(5)+5.9205*x(6)+6.1405*x(7)+1.1005*x(8)+1.1405*x(9)+1.1405*x(10)+1.1405*x(11)+1.5605*x(12)+5.9605*x(13)+2.9605*x(14)+2.9605*x(15)+2.9605*x(16)+2.9605*x(17)+1.0505*x(18)+2.6005*x(19)+5.5605*x(20)+1.5605*x(21)+1.5605*x(22)+1.5605*x(23)+1.5605*x(24)+1.9805*x(25)+1.9805*x(26)+1.2505*x(27)+1.5005*x(28)+1.9805*x(29)+1.5605*x(30)+3.2805*x(31)+3.2805*x(32)+3.2805*x(33)+3.2805*x(34)+3.2805*x(35)+1.9205*x(36)+1.9205*x(37)+1.9205*x(38)+1.9205*x(39)+1.9205*x(40)+1.9205*x(41)+3.9505*x(42)+2.6005*x(43)+2.6005*x(44)+2.6005*x(45)+2.6005*x(46)+2.6005*x(47)+3.9505*x(48)+1.8705*x(49)+1.4005*x(50)+1.4005*x(51)+1.4005*x(52)+1.4005*x(53)+1.4005*x(54)+5.8605*x(55)+1.2105*x(56)+2.0305*x(57)+2.0305*x(58)+2.0305*x(59)+2.0305*x(60)+2.0305*x(61)+0.8205*x(62)+5.7405*x(63)+1.4605*x(64)+1.4605*x(65)+1.4605*x(66)+1.4605*x(67)+1.4605*x(68)+6.0405*x(69)+0.6605*x(70)+0.6605*x(71)+0.6605*x(72)+0.6605*x(73)+0.6605*x(74)+1.1405*x(75)+1.1405*x(76)+1.1405*x(77)+1.1405*x(78)+1.1405*x(79)+1.1405*x(80)+1.6605*x(81)+1.6605*x(82)+1.6605*x(83)+1.6605*x(84)+1.7905*x(85)+1.7905*x(86)+0.8605*x(87)+0.8605*x(88)+0.8605*x(89)+0.8605*x(90)+0.8605*x(91)+0.8605*x(92)+1.5105*x(93)+1.5105*x(94)+1.5105*x(95)+1.5105*x(96)+1.5105*x(97)+1.5105*x(98)+1.2005*x(99)+1.2005*x(100)+1.2005*x(101)+1.2005*x(102)+1.2005*x(103)+1.2005*x(104)+0.8605*x(105)+0.8605*x(106)+0.8605*x(107)+0.8605*x(108)+0.8605*x(109)+0.8605*x(110)+1.9205*x(111)+1.9205*x(112)+1.9205*x(113)+1.9205*x(114)+1.9205*x(115)+1.9205*x(116)+0.33*x(117)+0.33*x(118)+0.33*x(119)+0.33*x(120)+0.33*x(121)+0.33*x(122)+0.33*x(123)+0.33*x(124)+0.33*x(125)+0.33*x(126)+0.33*x(127)+0.33*x(128)+0.33*x(129)+0.33*x(130)+0.33*x(131)+0.33*x(132)+0.33*x(133)+0.33*x(134)+0.33*x(135)+0.33*x(136);

% Bounds
lb = [-Inf,-Inf,-Inf,-Inf,-Inf,-Inf,-Inf,-Inf,-Inf,-Inf,-Inf,-Inf,-Inf,-Inf,-Inf,-Inf,-Inf,-Inf,-Inf,-Inf,-Inf,-Inf,-Inf,-Inf,-Inf,-Inf,-Inf,-Inf,-Inf,-Inf,-Inf,-Inf,-Inf,-Inf,-Inf,-Inf,-Inf,-Inf,-Inf,-Inf,-Inf,-Inf,-Inf,-Inf,-Inf,-Inf,-Inf,-Inf,-Inf,-Inf,-Inf,-Inf,-Inf,-Inf,-Inf,-Inf,-Inf,-Inf,-Inf,-Inf,-Inf,-Inf,-Inf,-Inf,-Inf,-Inf,-Inf,-Inf,-Inf,-Inf,-Inf,-Inf,-Inf,-Inf,-Inf,-Inf,-Inf,-Inf,-Inf,-Inf,-Inf,-Inf,-Inf,-Inf,-Inf,-Inf,-Inf,-Inf,-Inf,-Inf,-Inf,-Inf,-Inf,-Inf,-Inf,-Inf,-Inf,-Inf,-Inf,-Inf,-Inf,-Inf,-Inf,-Inf,-Inf,-Inf,-Inf,-Inf,-Inf,-Inf,-Inf,-Inf,-Inf,-Inf,-Inf,-Inf,0,0,0,0,0,0,0,0,0,0,0,0,0,0,0,0,0,0,0,0,0,0,0,0,0,0,0,0,0,0,0,0,0,0,0,0,0,0,0,0]';
ub = [Inf,Inf,Inf,Inf,Inf,Inf,Inf,Inf,Inf,Inf,Inf,Inf,Inf,Inf,Inf,Inf,Inf,Inf,Inf,Inf,Inf,Inf,Inf,Inf,Inf,Inf,Inf,Inf,Inf,Inf,Inf,Inf,Inf,Inf,Inf,Inf,Inf,Inf,Inf,Inf,Inf,Inf,Inf,Inf,Inf,Inf,Inf,Inf,Inf,Inf,Inf,Inf,Inf,Inf,Inf,Inf,Inf,Inf,Inf,Inf,Inf,Inf,Inf,Inf,Inf,Inf,Inf,Inf,Inf,Inf,Inf,Inf,Inf,Inf,Inf,Inf,Inf,Inf,Inf,Inf,Inf,Inf,Inf,Inf,Inf,Inf,Inf,Inf,Inf,Inf,Inf,Inf,Inf,Inf,Inf,Inf,Inf,Inf,Inf,Inf,Inf,Inf,Inf,Inf,Inf,Inf,Inf,Inf,Inf,Inf,Inf,Inf,Inf,Inf,Inf,Inf,Inf,Inf,Inf,Inf,Inf,Inf,Inf,Inf,Inf,Inf,Inf,Inf,Inf,Inf,Inf,Inf,Inf,Inf,Inf,Inf,Inf,Inf,Inf,Inf,Inf,Inf,Inf,Inf,Inf,Inf,Inf,Inf,Inf,Inf,Inf,Inf,Inf,Inf,Inf,Inf]';

% Constraints
nlcon = @(x)[x(1)+x(2)+x(3)+x(4)+x(5)+x(19);
             x(7)+x(8)+x(9)+x(10)+x(11)+x(56);
             x(13)+x(14)+x(15)+x(16)+x(17)+x(49);
             x(12)+x(20)+x(21)+x(22)+x(23)+x(24);
             x(25)+x(26)+x(27)+x(28)+x(29)+x(30);
             x(31)+x(32)+x(33)+x(34)+x(35)+x(36);
             x(37)+x(38)+x(39)+x(40)+x(41)+x(42);
             x(18)+x(43)+x(44)+x(45)+x(46)+x(47);
             x(63);
             x(50)+x(51)+x(52)+x(53)+x(54)+x(62);
             x(55)+x(57)+x(58)+x(59)+x(60)+x(61);
             x(69);
             x(6)+x(64)+x(65)+x(66)+x(67)+x(68);
             x(48)+x(70)+x(71)+x(72)+x(73)+x(74);
             x(75)+x(76)+x(77)+x(78)+x(79)+x(80);
             x(81)+x(82)+x(83)+x(84)+x(85)+x(86);
             x(87)+x(88)+x(89)+x(90)+x(91)+x(92);
             x(93)+x(94)+x(95)+x(96)+x(97)+x(98);
             x(99)+x(100)+x(101)+x(102)+x(103)+x(104);
             x(105)+x(106)+x(107)+x(108)+x(109)+x(110);
             x(1)-x(7);
             x(2)-x(8);
             x(3)-x(9);
             x(4)-x(10);
             x(5)-x(11);
             -x(12)+x(19);
             x(7)-x(13);
             x(8)-x(14);
             x(9)-x(15);
             x(10)-x(16);
             x(11)-x(17);
             -x(18)+x(56);
             x(13)-x(20);
             x(14)-x(21);
             x(15)-x(22);
             x(16)-x(23);
             x(17)-x(24);
             -x(19)+x(49);
             x(20)-x(25);
             x(21)-x(26);
             x(22)-x(27);
             x(23)-x(28);
             x(24)-x(29);
             x(12)-x(30);
             x(25)-x(31);
             x(26)-x(32);
             x(27)-x(33);
             x(28)-x(34);
             x(29)-x(35);
             x(30)-x(36);
             x(31)-x(37);
             x(32)-x(38);
             x(33)-x(39);
             x(34)-x(40);
             x(35)-x(41);
             x(36)-x(42);
             x(37)-x(43);
             x(38)-x(44);
             x(39)-x(45);
             x(40)-x(46);
             x(41)-x(47);
             x(42)-x(48);
             x(43);
             x(44);
             x(45);
             x(46);
             x(47);
             x(18)-x(49);
             -x(50);
             -x(51);
             -x(52);
             -x(53);
             -x(54);
             -x(55)+x(63);
             x(50)-x(57);
             x(51)-x(58);
             x(52)-x(59);
             x(53)-x(60);
             x(54)-x(61);
             -x(56)+x(62);
             x(57);
             x(58);
             x(59);
             x(60);
             x(61);
             x(55)-x(62);
             -x(64);
             -x(65);
             -x(66);
             -x(67);
             -x(68);
             -x(63)+x(69);
             x(64)-x(70);
             x(65)-x(71);
             x(66)-x(72);
             x(67)-x(73);
             x(68)-x(74);
             x(6)-x(69);
             x(70)-x(75);
             x(71)-x(76);
             x(72)-x(77);
             x(73)-x(78);
             x(74)-x(79);
             x(48)-x(80);
             x(75)-x(81);
             x(76)-x(82);
             x(77)-x(83);
             x(78)-x(84);
             x(79)-x(85);
             x(80)-x(86);
             x(81)-x(87);
             x(82)-x(88);
             x(83)-x(89);
             x(84)-x(90);
             x(85)-x(91);
             x(86)-x(92);
             x(87)-x(93);
             x(88)-x(94);
             x(89)-x(95);
             x(90)-x(96);
             x(91)-x(97);
             x(92)-x(98);
             x(93)-x(99);
             x(94)-x(100);
             x(95)-x(101);
             x(96)-x(102);
             x(97)-x(103);
             x(98)-x(104);
             x(99)-x(105);
             x(100)-x(106);
             x(101)-x(107);
             x(102)-x(108);
             x(103)-x(109);
             x(104)-x(110);
             x(105)-x(111);
             x(106)-x(112);
             x(107)-x(113);
             x(108)-x(114);
             x(109)-x(115);
             x(110)-x(116);
             x(1);
             x(2);
             x(3);
             x(4);
             x(5);
             x(6);
             x(7)+2*x(13)+x(20)+x(25)+x(31)+2*x(37)+x(43)+2*x(50)+x(57)+2*x(64)+x(70)+x(75)+x(81)+x(87)+x(93)+x(99)+x(105)+2*x(111);
             x(8)+2*x(14)+x(21)+x(26)+x(32)+2*x(38)+x(44)+2*x(51)+x(58)+2*x(65)+x(71)+x(76)+x(82)+x(88)+x(94)+x(100)+x(106)+2*x(112);
             x(9)+2*x(15)+x(22)+x(27)+x(33)+2*x(39)+x(45)+2*x(52)+x(59)+2*x(66)+x(72)+x(77)+x(83)+x(89)+x(95)+x(101)+x(107)+2*x(113);
