% This BARON input file was generated by the MATLAB/BARON interface.
% The BARON/MATLAB interface was developed by J. Currie.  The interface
% is provided free of charge and with no warranties from The Optimization
% Firm, http://www.minlp.com.
% Interface version: v1.51 [17-Dec-2013]
% File generated: 07-Jan-2016 10:36:46
% Model: inf_minlp_277

% Objective
fun = @(x)x(91);

% Bounds
lb = [0,0,0,0,0,0,0,0,0,0,0,0,0,0,0,0,0,0,0,0,0,0,0,0,0,0,0,0,0,0,0,0,0,0,0,0,0,0,0,0,0,0,0,0,0,0,0,0,0,0,0,0,0,0,0,0,0,0,0,0,0,0,0,0,0,0,0,0,0,0,0,0,0,0,0,0,0,0,0,0,0,0,0,0,0,0,0,0,0,0,-Inf]';
ub = [100,100,100,100,100,100,100,100,100,100,100,100,100,100,100,100,100,100,100,100,100,100,100,100,100,100,100,100,100,100,100,100,100,100,100,100,100,100,100,100,100,100,100,100,100,100,100,100,100,100,100,100,100,100,100,100,100,100,100,100,100,100,100,100,100,100,100,100,100,100,100,100,100,100,100,100,100,100,100,100,100,100,100,100,100,100,100,100,100,100,Inf]';

% Constraints
nlcon = @(x)[x(1)+x(2)+x(3)+x(4)+x(5)+x(6)+x(7)+x(8)+x(9)+x(10)+x(11)+x(12)+x(13)+x(14)+x(15)+x(16)+x(17)+x(18)+x(19)+x(20)+x(21)+x(22)+x(23)+x(24)+x(25)+x(26)+x(27)+x(28)+x(29)+x(30)+x(31)+x(32)+x(33)+x(34)+x(35)+x(36)+x(37)+x(38)+x(39)+x(40)+x(41)+x(42)+x(43)+x(44)+x(45)+x(46)+x(47)+x(48)+x(49)+x(50)+x(51)+x(52)+x(53)+x(54)+x(55)+x(56)+x(57)+x(58)+x(59)+x(60)+x(61)+x(62)+x(63)+x(64)+x(65)+x(66)+x(67)+x(68)+x(69)+x(70)+x(71)+x(72)+x(73)+x(74)+x(75)+x(76)+x(77)+x(78)+x(79)+x(80)+x(81)+x(82)+x(83)+x(84)+x(85)+x(86)+x(87)+x(88)+x(89)+x(90)-x(91);
             (-0.0413926851582251+(160+x(1))/(5000+x(91)))/(0.0396793307736171/(5000+x(91)))^0.5;
             (-0.0377885608893998+(152+x(2))/(5000+x(91)))/(0.0363605855553079/(5000+x(91)))^0.5;
             (-0.0347621062592119+(159+x(3))/(5000+x(91)))/(0.0335537022276352/(5000+x(91)))^0.5;
             (-0.0321846833714012+(130+x(4))/(5000+x(91)))/(0.0311488295276839/(5000+x(91)))^0.5;
             (-0.0299632233774432+(125+x(5))/(5000+x(91)))/(0.0290654286222766/(5000+x(91)))^0.5;
             (-0.0280287236002435+(121+x(6))/(5000+x(91)))/(0.0272431142535847/(5000+x(91)))^0.5;
             (-0.0263289387223491+(119+x(7))/(5000+x(91)))/(0.0256357257081039/(5000+x(91)))^0.5;
             (-0.0248235837250321+(111+x(8))/(5000+x(91)))/(0.0242073734160784/(5000+x(91)))^0.5;
             (-0.0234810958495229+(91+x(9))/(5000+x(91)))/(0.0229297339872284/(5000+x(91)))^0.5;
             (-0.0222763947111522+(93+x(10))/(5000+x(91)))/(0.0217801569498252/(5000+x(91)))^0.5;
             (-0.0211892990699381+(90+x(11))/(5000+x(91)))/(0.0207403126748628/(5000+x(91)))^0.5;
             (-0.020203386088287+(90+x(12))/(5000+x(91)))/(0.0197952092788546/(5000+x(91)))^0.5;
             (-0.0193051551953866+(79+x(13))/(5000+x(91)))/(0.0189324661782686/(5000+x(91)))^0.5;
             (-0.0184834056940131+(79+x(14))/(5000+x(91)))/(0.0181417694079636/(5000+x(91)))^0.5;
             (-0.0177287669604316+(64+x(15))/(5000+x(91)))/(0.0174144577824943/(5000+x(91)))^0.5;
             (-0.0170333392987804+(62+x(16))/(5000+x(91)))/(0.016743204651113/(5000+x(91)))^0.5;
             (-0.0163904161881694+(73+x(17))/(5000+x(91)))/(0.016121770445348/(5000+x(91)))^0.5;
             (-0.0157942671832319+(64+x(18))/(5000+x(91)))/(0.0155448083073766/(5000+x(91)))^0.5;
             (-0.0152399665567369+(76+x(19))/(5000+x(91)))/(0.0150077099760864/(5000+x(91)))^0.5;
             (-0.0147232568207064+(67+x(20))/(5000+x(91)))/(0.0145064825292979/(5000+x(91)))^0.5;
             (-0.0142404391146103+(65+x(21))/(5000+x(91)))/(0.0140376490084334/(5000+x(91)))^0.5;
             (-0.0137882844856333+(67+x(22))/(5000+x(91)))/(0.0135981676965765/(5000+x(91)))^0.5;
             (-0.0133639615579815+(61+x(23))/(5000+x(91)))/(0.0131853660894583/(5000+x(91)))^0.5;
             (-0.0129649771643676+(53+x(24))/(5000+x(91)))/(0.012796886531495/(5000+x(91)))^0.5;
             (-0.0125891273080205+(55+x(25))/(5000+x(91)))/(0.012430641181643/(5000+x(91)))^0.5;
             (-0.0122344564170116+(65+x(26))/(5000+x(91)))/(0.0120847744931918/(5000+x(91)))^0.5;
             (-0.0118992232997077+(41+x(27))/(5000+x(91)))/(0.0117576317845714/(5000+x(91)))^0.5;
             (-0.0115818725498151+(61+x(28))/(5000+x(91)))/(0.0114477327780549/(5000+x(91)))^0.5;
             (-0.0112810104096891+(52+x(29))/(5000+x(91)))/(0.0111537492138256/(5000+x(91)))^0.5;
             (-0.0109953843014631+(56+x(30))/(5000+x(91)))/(0.0108744858255262/(5000+x(91)))^0.5;
             (-0.0107238653917731+(62+x(31))/(5000+x(91)))/(0.0106088641028322/(5000+x(91)))^0.5;
             (-0.010465433678165+(550+x(32))/(5000+x(91)))/(0.0103559083760929/(5000+x(91)))^0.5;
             (-0.010219165181686+(55+x(33))/(5000+x(91)))/(0.0101147338446754/(5000+x(91)))^0.5;
             (-0.0099842209066009+(50+x(34))/(5000+x(91)))/(0.00988453623948909/(5000+x(91)))^0.5;
             (-0.0097598372891562+(43+x(35))/(5000+x(91)))/(0.0096645828652454/(5000+x(91)))^0.5;
             (-0.0095453179062304+(41+x(36))/(5000+x(91)))/(0.0094542048122994/(5000+x(91)))^0.5;
             (-0.0093400262541434+(31+x(37))/(5000+x(91)))/(0.00925279016371531/(5000+x(91)))^0.5;
             (-0.0091433794398697+(45+x(38))/(5000+x(91)))/(0.00905977805228827/(5000+x(91)))^0.5;
             (-0.0089548426529264+(43+x(39))/(5000+x(91)))/(0.00887465344598773/(5000+x(91)))^0.5;
             (-0.0087739243075052+(33+x(40))/(5000+x(91)))/(0.00869694255975137/(5000+x(91)))^0.5;
             (-0.0086001717619176+(52+x(41))/(5000+x(91)))/(0.00852620880758312/(5000+x(91)))^0.5;
             (-0.0084331675368628+(34+x(42))/(5000+x(91)))/(0.008362049222158/(5000+x(91)))^0.5;
             (-0.0082725259659899+(30+x(43))/(5000+x(91)))/(0.00820409128013192/(5000+x(91)))^0.5;
             (-0.0081178902221795+(39+x(44))/(5000+x(91)))/(0.00805199008052014/(5000+x(91)))^0.5;
             (-0.0079689296712754+(42+x(45))/(5000+x(91)))/(0.00790542583116967/(5000+x(91)))^0.5;
             (-0.0078253375119565+(44+x(46))/(5000+x(91)))/(0.00776410160478047/(5000+x(91)))^0.5;
             (-0.007686828666291+(32+x(47))/(5000+x(91)))/(0.00762774133134609/(5000+x(91)))^0.5;
             (-0.0075531378904459+(39+x(48))/(5000+x(91)))/(0.00749608799845381/(5000+x(91)))^0.5;
             (-0.0074240180792069+(40+x(49))/(5000+x(91)))/(0.00736890203476651/(5000+x(91)))^0.5;
             (-0.0072992387414994+(43+x(50))/(5000+x(91)))/(0.00724595985529399/(5000+x(91)))^0.5;
             (-0.0071785846271234+(27+x(51))/(5000+x(91)))/(0.00712705254987463/(5000+x(91)))^0.5;
             (-0.0070618544874869+(36+x(52))/(5000+x(91)))/(0.00701198469868446/(5000+x(91)))^0.5;
             (-0.0069488599553278+(31+x(53))/(5000+x(91)))/(0.00690057330064904/(5000+x(91)))^0.5;
             (-0.0068394245303054+(29+x(54))/(5000+x(91)))/(0.00679264680239966/(5000+x(91)))^0.5;
             (-0.0067333826589684+(30+x(55))/(5000+x(91)))/(0.0066880442169363/(5000+x(91)))^0.5;
             (-0.0066305788990131+(31+x(56))/(5000+x(91)))/(0.00658661432247706/(5000+x(91)))^0.5;
             (-0.0065308671589578+(15+x(57))/(5000+x(91)))/(0.00648821493310985/(5000+x(91)))^0.5;
             (-0.0064341100054099+(33+x(58))/(5000+x(91)))/(0.00639271223384818/(5000+x(91)))^0.5;
             (-0.006340178031019+(24+x(59))/(5000+x(91)))/(0.00629998017355398/(5000+x(91)))^0.5;
             (-0.0062489492770015+(31+x(60))/(5000+x(91)))/(0.00620989990993496/(5000+x(91)))^0.5;
             (-0.0061603087048184+(35+x(61))/(5000+x(91)))/(0.00612235930147974/(5000+x(91)))^0.5;
             (-0.0060741477121932+(32+x(62))/(5000+x(91)))/(0.00603725244176366/(5000+x(91)))^0.5;
             (-0.0059903636891874+(27+x(63))/(5000+x(91)))/(0.00595447923205867/(5000+x(91)))^0.5;
             (-0.0059088596105203+(26+x(64))/(5000+x(91)))/(0.00587394498862346/(5000+x(91)))^0.5;
             (-0.0058295436607239+(31+x(65))/(5000+x(91)))/(0.00579556008143161/(5000+x(91)))^0.5;
