% This BARON input file was generated by the MATLAB/BARON interface.
% The BARON/MATLAB interface was developed by J. Currie.  The interface
% is provided free of charge and with no warranties from The Optimization
% Firm, http://www.minlp.com.
% Interface version: v1.51 [17-Dec-2013]
% File generated: 07-Jan-2016 10:11:13
% Model: inf_minlp_173

% Objective
fun = @(x)0.37*x(1)+0.37*x(2)+0.37*x(3)+0.37*x(4)+0.37*x(5)+0.37*x(6)+0.37*x(7)+0.37*x(8)+0.37*x(9)+0.3*x(29)+0.3*x(30)+0.3*x(31)+0.3*x(32)+0.3*x(33)+0.3*x(34)+0.3*x(35)+0.3*x(36)+0.37*x(38)+0.37*x(39)+0.37*x(40)+0.37*x(41)+0.37*x(42)+0.37*x(43)+0.37*x(44)+0.37*x(45)+9.81*x(46)+9.81*x(47)+9.81*x(48)+9.81*x(49)+9.81*x(50)+9.81*x(51)+9.81*x(52)+9.81*x(53)+0.13*x(54)+0.13*x(55)+0.13*x(56)+0.13*x(57)+0.13*x(58)+0.13*x(59)+0.13*x(60)+0.13*x(61)+0.13*x(62)+0.13*x(63)+0.13*x(64)+0.13*x(65)+0.13*x(66)+0.13*x(67)+0.13*x(68)+0.13*x(69)+11.5*x(71)+25.92*x(72)+54.37*x(73)+113.84*x(74)+66.32*x(75)+34.26*x(76)+7.51*x(77)+4.07*x(79)+9.17*x(80)+19.24*x(81)+40.28*x(82)+23.46*x(83)+12.12*x(84)+2.66*x(85)+11.5*x(87)+25.92*x(88)+54.37*x(89)+113.84*x(90)+66.32*x(91)+34.26*x(92)+7.51*x(93)+4.07*x(95)+9.17*x(96)+19.24*x(97)+40.28*x(98)+23.46*x(99)+12.12*x(100)+2.66*x(101)+22.7*x(102)+22.7*x(103)+22.7*x(104)+22.7*x(105)+22.7*x(106)+22.7*x(107)+22.7*x(108)+22.7*x(109)+15.2*x(110)+15.2*x(111)+15.2*x(112)+15.2*x(113)+15.2*x(114)+15.2*x(115)+15.2*x(116)+15.2*x(117)+22.7*x(118)+22.7*x(119)+22.7*x(120)+22.7*x(121)+22.7*x(122)+22.7*x(123)+22.7*x(124)+22.7*x(125)+15.2*x(126)+15.2*x(127)+15.2*x(128)+15.2*x(129)+15.2*x(130)+15.2*x(131)+15.2*x(132)+15.2*x(133);

% Bounds
lb = [0,0,0,0,0,0,0,0,0,0,0,0,0,0,0,0,0,0,0,0,0,0,0,0,0,0,0,0,0,0,0,0,0,0,0,0,0,0,0,0,0,0,0,0,0,0,0,0,0,0,0,0,0,0,0,0,0,0,0,0,0,0,0,0,0,0,0,0,0,0,0,0,0,0,0,0,0,0,0,0,0,0,0,0,0,0,0,0,0,0,0,0,0,0,0,0,0,0,0,0,0,0,0,0,0,0,0,0,0,0,0,0,0,0,0,0,0,0,0,0,0,0,0,0,0,0,0,0,0,0,0,0,0,-Inf,-Inf,-Inf,-Inf,-Inf,-Inf,-Inf,-Inf,-Inf,-Inf,-Inf,-Inf,-Inf,-Inf,-Inf,-Inf,-Inf,-Inf,-Inf,-Inf,-Inf,-Inf,-Inf,-Inf,-Inf,-Inf,-Inf,-Inf,-Inf,-Inf,-Inf,-Inf]';
ub = [100,100,100,100,100,100,100,100,100,100,100,100,100,100,100,100,100,100,100,100,100,100,100,100,100,100,100,100,100,100,100,100,100,100,100,100,100,100,100,100,100,100,100,100,100,100,100,100,100,100,100,100,100,100,100,100,100,100,100,100,100,100,100,100,100,100,100,100,100,100,100,100,100,100,100,100,100,100,100,100,100,100,100,100,100,100,100,100,100,100,100,100,100,100,100,100,100,100,100,100,100,100,100,100,100,100,100,100,100,100,100,100,100,100,100,100,100,100,100,100,100,100,100,100,100,100,100,100,100,100,100,100,100,Inf,Inf,Inf,Inf,Inf,Inf,Inf,Inf,Inf,Inf,Inf,Inf,Inf,Inf,Inf,Inf,Inf,Inf,Inf,Inf,Inf,Inf,Inf,Inf,Inf,Inf,Inf,Inf,Inf,Inf,Inf,Inf]';

% Constraints
nlcon = @(x)[x(1)-x(2)+x(46)-x(54)-x(62);
             x(2)-x(3)+x(47)-x(55)-x(63);
             x(3)-x(4)+x(48)-x(56)-x(64);
             x(4)-x(5)+x(49)-x(57)-x(65);
             x(5)-x(6)+x(50)-x(58)-x(66);
             x(6)-x(7)+x(51)-x(59)-x(67);
             x(7)-x(8)+x(52)-x(60)-x(68);
             x(8)-x(9)+x(53)-x(61)-x(69);
             x(1);
             x(10)-x(11)+x(54);
             x(11)-x(12)+x(55);
             x(12)-x(13)+x(56);
             x(13)-x(14)+x(57);
             x(14)-x(15)+x(58);
             x(15)-x(16)+x(59);
             x(16)-x(17)+x(60);
             x(17)-x(18)+x(61);
             x(19)-x(20)+x(62);
             x(20)-x(21)+x(63);
             x(21)-x(22)+x(64);
             x(22)-x(23)+x(65);
             x(23)-x(24)+x(66);
             x(24)-x(25)+x(67);
             x(25)-x(26)+x(68);
             x(26)-x(27)+x(69);
             x(10);
             x(19);
             -x(11)-99999*x(134);
             -x(12)-99999*x(135);
             -x(13)-99999*x(136);
             -x(14)-99999*x(137);
             -x(15)-99999*x(138);
             -x(16)-99999*x(139);
             -x(17)-99999*x(140);
             -x(18)-99999*x(141);
             -x(20)-99999*x(142);
             -x(21)-99999*x(143);
             -x(22)-99999*x(144);
             -x(23)-99999*x(145);
             -x(24)-99999*x(146);
             -x(25)-99999*x(147);
             -x(26)-99999*x(148);
             -x(27)-99999*x(149);
             x(134)*x(11)+x(70)+x(78);
             x(135)*x(12)+x(71)+x(79);
             x(136)*x(13)+x(72)+x(80);
             x(137)*x(14)+x(73)+x(81);
             x(138)*x(15)+x(74)+x(82);
             x(139)*x(16)+x(75)+x(83);
             x(140)*x(17)+x(76)+x(84);
             x(141)*x(18)+x(77)+x(85);
             x(142)*x(20)+x(86)+x(94);
             x(143)*x(21)+x(87)+x(95);
             x(144)*x(22)+x(88)+x(96);
             x(145)*x(23)+x(89)+x(97);
             x(146)*x(24)+x(90)+x(98);
             x(147)*x(25)+x(91)+x(99);
             x(148)*x(26)+x(92)+x(100);
             x(149)*x(27)+x(93)+x(101);
             x(28)-x(29)+x(54)-x(102)-x(110);
             x(29)-x(30)+x(55)-x(103)-x(111);
             x(30)-x(31)+x(56)-x(104)-x(112);
             x(31)-x(32)+x(57)-x(105)-x(113);
             x(32)-x(33)+x(58)-x(106)-x(114);
             x(33)-x(34)+x(59)-x(107)-x(115);
             x(34)-x(35)+x(60)-x(108)-x(116);
             x(35)-x(36)+x(61)-x(109)-x(117);
             x(37)-x(38)+x(62)-x(118)-x(126);
             x(38)-x(39)+x(63)-x(119)-x(127);
             x(39)-x(40)+x(64)-x(120)-x(128);
             x(40)-x(41)+x(65)-x(121)-x(129);
             x(41)-x(42)+x(66)-x(122)-x(130);
             x(42)-x(43)+x(67)-x(123)-x(131);
             x(43)-x(44)+x(68)-x(124)-x(132);
             x(44)-x(45)+x(69)-x(125)-x(133);
             x(11)-99999*x(150);
             x(12)-99999*x(151);
             x(13)-99999*x(152);
             x(14)-99999*x(153);
             x(15)-99999*x(154);
             x(16)-99999*x(155);
             x(17)-99999*x(156);
             x(18)-99999*x(157);
             x(20)-99999*x(158);
             x(21)-99999*x(159);
             x(22)-99999*x(160);
             x(23)-99999*x(161);
             x(24)-99999*x(162);
             x(25)-99999*x(163);
             x(26)-99999*x(164);
             x(27)-99999*x(165);
             -x(150)*x(11)+x(29);
             -x(151)*x(12)+x(30);
             -x(152)*x(13)+x(31);
             -x(153)*x(14)+x(32);
             -x(154)*x(15)+x(33);
             -x(155)*x(16)+x(34);
             -x(156)*x(17)+x(35);
             -x(157)*x(18)+x(36);
             -x(158)*x(20)+x(38);
             -x(159)*x(21)+x(39);
             -x(160)*x(22)+x(40);
             -x(161)*x(23)+x(41);
             -x(162)*x(24)+x(42);
             -x(163)*x(25)+x(43);
             -x(164)*x(26)+x(44);
             -x(165)*x(27)+x(45);
             0.000362976406533575*x(102)+0.000362976406533575*x(118);
             5.35647329798061e-5*x(103)+5.35647329798061e-5*x(119);
             6.57246138678935e-5*x(104)+6.57246138678935e-5*x(120);
             0.000289519397799653*x(105)+0.000289519397799653*x(121);
             0.00122100122100122*x(106)+0.00122100122100122*x(122);
             0.00609756097560976*x(107)+0.00609756097560976*x(123);
             0.024390243902439*x(108)+0.024390243902439*x(124);
             0.000300210147102972*x(110)+0.000300210147102972*x(126);
             4.43007132414832e-5*x(111)+4.43007132414832e-5*x(127);
             5.43596434007393e-5*x(112)+5.43596434007393e-5*x(128);
             0.000239406272444338*x(113)+0.000239406272444338*x(129);
             0.00101112234580384*x(114)+0.00101112234580384*x(130);
             0.00505050505050505*x(115)+0.00505050505050505*x(131);
             0.02*x(116)+0.02*x(132);
             x(1);
             x(2);
             x(3);
             x(4);
             x(5);
             x(6);
             x(7);
             x(8);
             x(9);
             x(29);
             x(30);
             x(31);
             x(32);
             x(33);
             x(34);
             x(35);
             x(36);
             x(38);
             x(39);
             x(40);
             x(41);
             x(42);
             x(43);
