% This BARON input file was generated by the MATLAB/BARON interface.
% The BARON/MATLAB interface was developed by J. Currie.  The interface
% is provided free of charge and with no warranties from The Optimization
% Firm, http://www.minlp.com.
% Interface version: v1.51 [17-Dec-2013]
% File generated: 30-May-2015 16:49:41
% Model: inf_mip_60

% Objective
fun = @(x)x(1)+x(2)+x(3)-15*x(7)+x(12)+x(13)+x(15)+x(16)+15;

% Bounds
lb = [0,0,0,-0.5,0,0,1,0.9,0.9,0.9,0,0,0,0,0,0,-0.523598776,-0.523598776,-0.523598776,0,0,0,0,0,0,0,0,0,0,0,0,0,0,0,0,0,0,0,0,0,0,0,0,0.78239991906,0.78239991906,0.78239991906,-0.209643426690187,-0.209643426690187,-0.209643426690187,0.81,0.81,0.81,0.965925826,0.965925826,0.965925826,-0.261799388,-0.261799388,-0.261799388,-Inf,-Inf,-Inf,-Inf,-Inf,-Inf,-Inf,-Inf,-Inf,-Inf,-Inf,-Inf,-Inf,-Inf,-Inf,-0.4,-0.4,-0.4,-0.36,-0.36,-0.36,-12.5,-12.5,-12.5,-12.5,-12.5,-12.5,-0.42760008094,-0.265490819276142,-0.42760008094,-0.265490819276142,-0.42760008094,-0.265490819276142,-0.413970411434834,-0.201923370146898,-0.413970411434834,-0.201923370146898,-0.413970411434834,-0.201923370146898,-0.427600080747962,-0.637243507584012,-0.427600080747962,-0.637243507584012,-0.427600080747962,-0.637243507584012,-0.427600080747962,-0.637243507584012,-0.427600080747962,-0.637243507584012,-0.427600080747962,-0.637243507584012,0.107133832789813,-1.15997520513019,0.107133832789813,-1.15997520513019,0.107133832789813,-1.15997520513019,0.00241407758981271,-1.05525544993019,0.00241407758981271,-1.05525544993019,0.00241407758981271,-1.05525544993019,-0.313171044808798,0.110943963751202,-0.313171044808798,0.110943963751202,-0.313171044808798,0.110943963751202,-0.313171044808798,0.110943963751202,-0.313171044808798,0.110943963751202,-0.313171044808798,0.110943963751202,0,0,0,0,0,0,0,0,0,0,0,0,0,0,0,0,0,0,0,0,0,0,0,0,0,0,0,0,0,0,0,0,0,0,0,0,0,0,0,0,0,0,0,0,0,0,0,0,0,0,0,0,0,0,0,0,0,0,0,0,0,0,0,0,0,0,0,0,0,0,0,0,0,0,0,0,0,0,0,0,0,0,0,0,0,0,0,0,0,0,0,0,0,0,0,0]';
ub = [10,0,0,2,0.5,0,1,1.1,1.1,1.1,0,0,0,0,0,0,0.523598776,0.523598776,0.523598776,5,5,5,5,5,5,5,5,5,5,5,5,5,5,5,5,5,5,5,5,5,5,5,5,1.21,1.21,1.21,0.313171044808798,0.313171044808798,0.313171044808798,1.21,1.21,1.21,1,1,1,0.261799388,0.261799388,0.261799388,Inf,Inf,Inf,Inf,Inf,Inf,Inf,Inf,Inf,Inf,Inf,Inf,Inf,Inf,Inf,12.54,12.54,12.54,12.5,12.5,12.5,0.4,0.4,0.4,0.4,0.4,0.4,12.5412297502531,12.8008109567133,12.5412297502531,12.8008109567133,12.5412297502531,12.8008109567133,12.527600080748,12.737243507584,12.527600080748,12.737243507584,12.527600080748,12.737243507584,12.52760008094,12.3654908192761,12.52760008094,12.3654908192761,12.52760008094,12.3654908192761,12.52760008094,12.3654908192761,12.52760008094,12.3654908192761,12.52760008094,12.3654908192761,3.4809436396088,3.1615483862488,3.4809436396088,3.1615483862488,3.4809436396088,3.1615483862488,3.5856633948088,3.0568286310488,3.5856633948088,3.0568286310488,3.5856633948088,3.0568286310488,3.16535851721019,4.32774779993019,3.16535851721019,4.32774779993019,3.16535851721019,4.32774779993019,3.16535851721019,4.32774779993019,3.16535851721019,4.32774779993019,3.16535851721019,4.32774779993019,1,1,1,1,1,1,1,1,1,1,1,1,1,1,1,1,1,1,1,1,1,1,1,1,1,1,1,1,1,1,1,1,1,1,1,1,1,1,1,1,1,1,1,1,1,1,1,1,1,1,1,1,1,1,1,1,1,1,1,1,1,1,1,1,1,1,1,1,1,1,1,1,1,1,1,1,1,1,1,1,1,1,1,1,1,1,1,1,1,1,1,1,1,1,1,1]';

% Constraints
nlcon = @(x)[x(1)-x(20)-x(21)+x(26)+x(27);
             x(2)-x(22)-x(23)+x(28)+x(29);
             x(3)-3*x(7)-x(24)-x(25)+x(30)+x(31);
             x(4)+x(11)-x(14)-x(32)-x(33)+x(38)+x(39);
             x(5)+x(12)-x(15)-x(34)-x(35)+x(40)+x(41);
             x(6)+x(13)-x(16)-x(36)-x(37)+x(42)+x(43);
             -1.98019801980198*x(8)+x(20)-x(26)+0.99009900990099*x(44)-9.9009900990099*x(47);
             -1.98019801980198*x(8)+x(21)-x(27)+0.99009900990099*x(45)-9.9009900990099*x(48);
             -1.98019801980198*x(9)+x(22)-x(28)+0.99009900990099*x(46)-9.9009900990099*x(49);
             -1.98019801980198*x(9)+x(23)-x(29)+0.99009900990099*x(44)+9.9009900990099*x(47);
             -1.98019801980198*x(10)+x(24)-x(30)+0.99009900990099*x(45)+9.9009900990099*x(48);
             -1.98019801980198*x(10)+x(25)-x(31)+0.99009900990099*x(46)+9.9009900990099*x(49);
             -1.1*x(8)-1.1*x(9)+x(50)-12.1*x(65)-x(74);
             -1.1*x(8)-1.1*x(10)+x(51)-12.1*x(66)-x(75);
             -1.1*x(9)-1.1*x(10)+x(52)-12.1*x(67)-x(76);
             -0.9*x(8)-0.9*x(9)+x(50)-12.1*x(65)-x(77);
             -0.9*x(8)-0.9*x(10)+x(51)-12.1*x(66)-x(78);
             -0.9*x(9)-0.9*x(10)+x(52)-12.1*x(67)-x(79);
             -1.1*x(8)-0.9*x(9)+x(50)-12.1*x(65)+x(80);
             -1.1*x(8)-0.9*x(10)+x(51)-12.1*x(66)+x(81);
             -1.1*x(9)-0.9*x(10)+x(52)-12.1*x(67)+x(82);
             -0.9*x(8)-1.1*x(9)+x(50)-12.1*x(65)+x(83);
             -0.9*x(8)-1.1*x(10)+x(51)-12.1*x(66)+x(84);
             -0.9*x(9)-1.1*x(10)+x(52)-12.1*x(67)+x(85);
             x(44)-x(50)-1.21*x(53)-12.1*x(59)-x(86);
             x(44)-0.866025403583588*x(50)-1.21*x(53)-12.1*x(60)-x(87);
             x(45)-x(51)-1.21*x(54)-12.1*x(61)-x(88);
             x(45)-0.866025403583588*x(51)-1.21*x(54)-12.1*x(62)-x(89);
             x(46)-x(52)-1.21*x(55)-12.1*x(63)-x(90);
             x(46)-0.866025403583588*x(52)-1.21*x(55)-12.1*x(64)-x(91);
             x(44)-0.965925826237084*x(50)-0.81*x(53)-12.1*x(59)-x(92);
             x(44)-0.707106780760479*x(50)-0.81*x(53)-12.1*x(60)-x(93);
             x(45)-0.965925826237084*x(51)-0.81*x(54)-12.1*x(61)-x(94);
             x(45)-0.707106780760479*x(51)-0.81*x(54)-12.1*x(62)-x(95);
             x(46)-0.965925826237084*x(52)-0.81*x(55)-12.1*x(63)-x(96);
             x(46)-0.707106780760479*x(52)-0.81*x(55)-12.1*x(64)-x(97);
             x(44)-x(50)-0.81*x(53)+12.1*x(59)+x(98);
             x(44)-0.866025403583588*x(50)-0.81*x(53)+12.1*x(60)+x(99);
             x(45)-x(51)-0.81*x(54)+12.1*x(61)+x(100);
             x(45)-0.866025403583588*x(51)-0.81*x(54)+12.1*x(62)+x(101);
             x(46)-x(52)-0.81*x(55)+12.1*x(63)+x(102);
             x(46)-0.866025403583588*x(52)-0.81*x(55)+12.1*x(64)+x(103);
             x(44)-0.965925826237084*x(50)-1.21*x(53)+12.1*x(59)+x(104);
             x(44)-0.707106780760479*x(50)-1.21*x(53)+12.1*x(60)+x(105);
             x(45)-0.965925826237084*x(51)-1.21*x(54)+12.1*x(61)+x(106);
             x(45)-0.707106780760479*x(51)-1.21*x(54)+12.1*x(62)+x(107);
             x(46)-0.965925826237084*x(52)-1.21*x(55)+12.1*x(63)+x(108);
             x(46)-0.707106780760479*x(52)-1.21*x(55)+12.1*x(64)+x(109);
             x(47)-1.21*x(56)-3.1677725948*x(59)-x(110);
             x(47)-0.785398164*x(50)-1.21*x(56)-3.1677725948*x(60)-x(111);
             x(48)-1.21*x(57)-3.1677725948*x(61)-x(112);
             x(48)-0.785398164*x(51)-1.21*x(57)-3.1677725948*x(62)-x(113);
             x(49)-1.21*x(58)-3.1677725948*x(63)-x(114);
             x(49)-0.785398164*x(52)-1.21*x(58)-3.1677725948*x(64)-x(115);
             x(47)+0.261799388*x(50)-0.81*x(56)-3.1677725948*x(59)-x(116);
             x(47)-0.523598776*x(50)-0.81*x(56)-3.1677725948*x(60)-x(117);
             x(48)+0.261799388*x(51)-0.81*x(57)-3.1677725948*x(61)-x(118);
             x(48)-0.523598776*x(51)-0.81*x(57)-3.1677725948*x(62)-x(119);
             x(49)+0.261799388*x(52)-0.81*x(58)-3.1677725948*x(63)-x(120);
             x(49)-0.523598776*x(52)-0.81*x(58)-3.1677725948*x(64)-x(121);
             x(47)-0.81*x(56)+3.1677725948*x(59)+x(122);
             x(47)-0.785398164*x(50)-0.81*x(56)+3.1677725948*x(60)+x(123);
             x(48)-0.81*x(57)+3.1677725948*x(61)+x(124);
             x(48)-0.785398164*x(51)-0.81*x(57)+3.1677725948*x(62)+x(125);
             x(49)-0.81*x(58)+3.1677725948*x(63)+x(126);
             x(49)-0.785398164*x(52)-0.81*x(58)+3.1677725948*x(64)+x(127);
             x(47)+0.261799388*x(50)-1.21*x(56)+3.1677725948*x(59)+x(128);
             x(47)-0.523598776*x(50)-1.21*x(56)+3.1677725948*x(60)+x(129);
             x(48)+0.261799388*x(51)-1.21*x(57)+3.1677725948*x(61)+x(130);
