% This BARON input file was generated by the MATLAB/BARON interface.
% The BARON/MATLAB interface was developed by J. Currie.  The interface
% is provided free of charge and with no warranties from The Optimization
% Firm, http://www.minlp.com.
% Interface version: v1.51 [17-Dec-2013]
% File generated: 30-May-2015 17:31:42
% Model: inf_mip_86

% Objective
fun = @(x)2.6505*x(1)+2.6505*x(2)+2.6505*x(3)+2.6505*x(4)+2.6505*x(5)+0.4*x(6)+1.1405*x(7)+1.1005*x(8)+1.1405*x(9)+1.1405*x(10)+1.1405*x(11)+1.04*x(12)+2.9605*x(13)+2.9605*x(14)+2.9605*x(15)+2.9605*x(16)+2.9605*x(17)+0.53*x(18)+2.08*x(19)+1.5605*x(20)+1.5605*x(21)+1.5605*x(22)+1.5605*x(23)+1.5605*x(24)+1.9805*x(25)+1.9805*x(26)+1.2505*x(27)+1.5005*x(28)+1.9805*x(29)+1.04*x(30)+3.2805*x(31)+3.2805*x(32)+3.2805*x(33)+3.2805*x(34)+3.2805*x(35)+1.4*x(36)+1.9205*x(37)+1.9205*x(38)+1.9205*x(39)+1.9205*x(40)+1.9205*x(41)+3.43*x(42)+2.6005*x(43)+2.6005*x(44)+2.6005*x(45)+2.6005*x(46)+2.6005*x(47)+3.43*x(48)+1.35*x(49)+2.1805*x(50)+2.1805*x(51)+2.1805*x(52)+2.1805*x(53)+2.1805*x(54)+1.4005*x(55)+1.4005*x(56)+1.4005*x(57)+1.4005*x(58)+1.4005*x(59)+0.34*x(60)+0.69*x(61)+2.0305*x(62)+2.0305*x(63)+2.0305*x(64)+2.0305*x(65)+2.0305*x(66)+0.3*x(67)+2.2405*x(68)+2.2405*x(69)+2.2405*x(70)+2.2405*x(71)+2.2405*x(72)+1.22*x(73)+1.4605*x(74)+1.4605*x(75)+1.4605*x(76)+1.4605*x(77)+1.4605*x(78)+0.52*x(79)+0.6605*x(80)+0.6605*x(81)+0.6605*x(82)+0.6605*x(83)+0.6605*x(84)+1.1405*x(85)+1.1405*x(86)+1.1405*x(87)+1.1405*x(88)+1.1405*x(89)+0.62*x(90)+1.6605*x(91)+1.6605*x(92)+1.6605*x(93)+1.6605*x(94)+1.7905*x(95)+1.27*x(96)+0.8605*x(97)+0.8605*x(98)+0.8605*x(99)+0.8605*x(100)+0.8605*x(101)+0.34*x(102)+1.5105*x(103)+1.5105*x(104)+1.5105*x(105)+1.5105*x(106)+1.5105*x(107)+0.99*x(108)+1.2005*x(109)+1.2005*x(110)+1.2005*x(111)+1.2005*x(112)+1.2005*x(113)+0.68*x(114)+0.8605*x(115)+0.8605*x(116)+0.8605*x(117)+0.8605*x(118)+0.8605*x(119)+0.34*x(120)+1.9205*x(121)+1.9205*x(122)+1.9205*x(123)+1.9205*x(124)+1.9205*x(125)+1.4*x(126)+0.33*x(127)+0.33*x(128)+0.33*x(129)+0.33*x(130)+0.33*x(131)+0.33*x(132)+0.33*x(133)+0.33*x(134)+0.33*x(135)+0.33*x(136)+0.33*x(137)+0.33*x(138)+0.33*x(139)+0.33*x(140)+0.33*x(141)+0.33*x(142)+0.33*x(143)+0.33*x(144)+0.33*x(145)+0.33*x(146);

% Bounds
lb = [-Inf,-Inf,-Inf,-Inf,-Inf,-Inf,-Inf,-Inf,-Inf,-Inf,-Inf,-Inf,-Inf,-Inf,-Inf,-Inf,-Inf,-Inf,-Inf,-Inf,-Inf,-Inf,-Inf,-Inf,-Inf,-Inf,-Inf,-Inf,-Inf,-Inf,-Inf,-Inf,-Inf,-Inf,-Inf,-Inf,-Inf,-Inf,-Inf,-Inf,-Inf,-Inf,-Inf,-Inf,-Inf,-Inf,-Inf,-Inf,-Inf,-Inf,-Inf,-Inf,-Inf,-Inf,-Inf,-Inf,-Inf,-Inf,-Inf,-Inf,-Inf,-Inf,-Inf,-Inf,-Inf,-Inf,-Inf,-Inf,-Inf,-Inf,-Inf,-Inf,-Inf,-Inf,-Inf,-Inf,-Inf,-Inf,-Inf,-Inf,-Inf,-Inf,-Inf,-Inf,-Inf,-Inf,-Inf,-Inf,-Inf,-Inf,-Inf,-Inf,-Inf,-Inf,-Inf,-Inf,-Inf,-Inf,-Inf,-Inf,-Inf,-Inf,-Inf,-Inf,-Inf,-Inf,-Inf,-Inf,-Inf,-Inf,-Inf,-Inf,-Inf,-Inf,-Inf,-Inf,-Inf,-Inf,-Inf,-Inf,-Inf,-Inf,-Inf,-Inf,-Inf,-Inf,0,0,0,0,0,0,0,0,0,0,0,0,0,0,0,0,0,0,0,0,0,0,0,0,0,0,0,0,0,0,0,0,0,0,0,0,0,0,0,0]';
ub = [Inf,Inf,Inf,Inf,Inf,Inf,Inf,Inf,Inf,Inf,Inf,Inf,Inf,Inf,Inf,Inf,Inf,Inf,Inf,Inf,Inf,Inf,Inf,Inf,Inf,Inf,Inf,Inf,Inf,Inf,Inf,Inf,Inf,Inf,Inf,Inf,Inf,Inf,Inf,Inf,Inf,Inf,Inf,Inf,Inf,Inf,Inf,Inf,Inf,Inf,Inf,Inf,Inf,Inf,Inf,Inf,Inf,Inf,Inf,Inf,Inf,Inf,Inf,Inf,Inf,Inf,Inf,Inf,Inf,Inf,Inf,Inf,Inf,Inf,Inf,Inf,Inf,Inf,Inf,Inf,Inf,Inf,Inf,Inf,Inf,Inf,Inf,Inf,Inf,Inf,Inf,Inf,Inf,Inf,Inf,Inf,Inf,Inf,Inf,Inf,Inf,Inf,Inf,Inf,Inf,Inf,Inf,Inf,Inf,Inf,Inf,Inf,Inf,Inf,Inf,Inf,Inf,Inf,Inf,Inf,Inf,Inf,Inf,Inf,Inf,Inf,Inf,Inf,Inf,Inf,Inf,Inf,Inf,Inf,Inf,Inf,Inf,Inf,Inf,Inf,Inf,Inf,Inf,Inf,Inf,Inf,Inf,Inf,Inf,Inf,Inf,Inf,Inf,Inf,Inf,Inf,Inf,Inf,Inf,Inf,Inf,Inf,Inf,Inf,Inf,Inf]';

% Constraints
nlcon = @(x)[x(1)+x(2)+x(3)+x(4)+x(5)+x(19);
             x(7)+x(8)+x(9)+x(10)+x(11)+x(61);
             x(13)+x(14)+x(15)+x(16)+x(17)+x(49);
             x(12)+x(20)+x(21)+x(22)+x(23)+x(24);
             x(25)+x(26)+x(27)+x(28)+x(29)+x(30);
             x(31)+x(32)+x(33)+x(34)+x(35)+x(36);
             x(37)+x(38)+x(39)+x(40)+x(41)+x(42);
             x(18)+x(43)+x(44)+x(45)+x(46)+x(47);
             x(50)+x(51)+x(52)+x(53)+x(54)+x(73);
             x(55)+x(56)+x(57)+x(58)+x(59)+x(67);
             x(60)+x(62)+x(63)+x(64)+x(65)+x(66);
             x(68)+x(69)+x(70)+x(71)+x(72)+x(79);
             x(6)+x(74)+x(75)+x(76)+x(77)+x(78);
             x(48)+x(80)+x(81)+x(82)+x(83)+x(84);
             x(85)+x(86)+x(87)+x(88)+x(89)+x(90);
             x(91)+x(92)+x(93)+x(94)+x(95)+x(96);
             x(97)+x(98)+x(99)+x(100)+x(101)+x(102);
             x(103)+x(104)+x(105)+x(106)+x(107)+x(108);
             x(109)+x(110)+x(111)+x(112)+x(113)+x(114);
             x(115)+x(116)+x(117)+x(118)+x(119)+x(120);
             x(1)-x(7);
             x(2)-x(8);
             x(3)-x(9);
             x(4)-x(10);
             x(5)-x(11);
             -x(12)+x(19);
             x(7)-x(13);
             x(8)-x(14);
             x(9)-x(15);
             x(10)-x(16);
             x(11)-x(17);
             -x(18)+x(61);
             x(13)-x(20);
             x(14)-x(21);
             x(15)-x(22);
             x(16)-x(23);
             x(17)-x(24);
             -x(19)+x(49);
             x(20)-x(25);
             x(21)-x(26);
             x(22)-x(27);
             x(23)-x(28);
             x(24)-x(29);
             x(12)-x(30);
             x(25)-x(31);
             x(26)-x(32);
             x(27)-x(33);
             x(28)-x(34);
             x(29)-x(35);
             x(30)-x(36);
             x(31)-x(37);
             x(32)-x(38);
             x(33)-x(39);
             x(34)-x(40);
             x(35)-x(41);
             x(36)-x(42);
             x(37)-x(43);
             x(38)-x(44);
             x(39)-x(45);
             x(40)-x(46);
             x(41)-x(47);
             x(42)-x(48);
             x(43)-x(50);
             x(44)-x(51);
             x(45)-x(52);
             x(46)-x(53);
             x(47)-x(54);
             x(18)-x(49);
             x(50)-x(55);
             x(51)-x(56);
             x(52)-x(57);
             x(53)-x(58);
             x(54)-x(59);
             -x(60)+x(73);
             x(55)-x(62);
             x(56)-x(63);
             x(57)-x(64);
             x(58)-x(65);
             x(59)-x(66);
             -x(61)+x(67);
             x(62)-x(68);
             x(63)-x(69);
             x(64)-x(70);
             x(65)-x(71);
             x(66)-x(72);
             x(60)-x(67);
             x(68)-x(74);
             x(69)-x(75);
             x(70)-x(76);
             x(71)-x(77);
             x(72)-x(78);
             -x(73)+x(79);
             x(74)-x(80);
             x(75)-x(81);
             x(76)-x(82);
             x(77)-x(83);
             x(78)-x(84);
             x(6)-x(79);
             x(80)-x(85);
             x(81)-x(86);
             x(82)-x(87);
             x(83)-x(88);
             x(84)-x(89);
             x(48)-x(90);
             x(85)-x(91);
             x(86)-x(92);
             x(87)-x(93);
             x(88)-x(94);
             x(89)-x(95);
             x(90)-x(96);
             x(91)-x(97);
             x(92)-x(98);
             x(93)-x(99);
             x(94)-x(100);
             x(95)-x(101);
             x(96)-x(102);
             x(97)-x(103);
             x(98)-x(104);
             x(99)-x(105);
             x(100)-x(106);
             x(101)-x(107);
             x(102)-x(108);
             x(103)-x(109);
             x(104)-x(110);
             x(105)-x(111);
             x(106)-x(112);
             x(107)-x(113);
             x(108)-x(114);
             x(109)-x(115);
             x(110)-x(116);
             x(111)-x(117);
             x(112)-x(118);
             x(113)-x(119);
             x(114)-x(120);
             x(115)-x(121);
             x(116)-x(122);
             x(117)-x(123);
             x(118)-x(124);
             x(119)-x(125);
             x(120)-x(126);
             x(1);
             x(2);
             x(3);
             x(4);
             x(5);
             x(6);
