% This BARON input file was generated by the MATLAB/BARON interface.
% The BARON/MATLAB interface was developed by J. Currie.  The interface
% is provided free of charge and with no warranties from The Optimization
% Firm, http://www.minlp.com.
% Interface version: v1.51 [17-Dec-2013]
% File generated: 07-Jan-2016 09:51:59
% Model: inf_minlp_132

% Objective
fun = @(x)(-29.7*x(1)*x(2))-308*x(1)+1297*x(2)+32*x(1)*x(3)-37.5*x(3)-136*x(1)*x(4)-173*x(4)-235*x(2)*x(3)+310*x(2)*x(4)+3.61*x(3)*x(4)+21.4*x(1)^2-139*x(2)^2+113*x(3)^2+138*x(4)^2+467;

% Bounds
lb = [0,0,0,0]';
ub = [100,100,100,100]';

% Constraints
nlcon = @(x)[(-2.35*x(1)*x(2))-10.7*x(1)-63.3*x(2)+10.9*x(1)*x(3)+93.5*x(3)+0.108*x(1)*x(4)-25.1*x(4)-76.8*x(2)*x(3)+37.9*x(2)*x(4)-9.31*x(3)*x(4)-0.295*x(1)^2+25.1*x(2)^2+30.4*x(3)^2-28.1*x(4)^2;
             (-2.35*x(1)*x(2))-10.7*x(1)-63.3*x(2)+10.9*x(1)*x(3)+93.5*x(3)+0.108*x(1)*x(4)-25.1*x(4)-76.8*x(2)*x(3)+37.9*x(2)*x(4)-9.31*x(3)*x(4)-0.295*x(1)^2+25.1*x(2)^2+30.4*x(3)^2-28.1*x(4)^2;
             (-2.35*x(1)*x(2))-10.7*x(1)-63.3*x(2)+10.9*x(1)*x(3)+93.5*x(3)+0.108*x(1)*x(4)-25.1*x(4)-76.8*x(2)*x(3)+37.9*x(2)*x(4)-9.31*x(3)*x(4)-0.295*x(1)^2+25.1*x(2)^2+30.4*x(3)^2-28.1*x(4)^2;
             (-2.35*x(1)*x(2))-10.7*x(1)-63.3*x(2)+10.9*x(1)*x(3)+93.5*x(3)+0.108*x(1)*x(4)-25.1*x(4)-76.8*x(2)*x(3)+37.9*x(2)*x(4)-9.31*x(3)*x(4)-0.295*x(1)^2+25.1*x(2)^2+30.4*x(3)^2-28.1*x(4)^2;
             (-2.35*x(1)*x(2))-10.7*x(1)-63.3*x(2)+10.9*x(1)*x(3)+93.5*x(3)+0.108*x(1)*x(4)-25.1*x(4)-76.8*x(2)*x(3)+37.9*x(2)*x(4)-9.31*x(3)*x(4)-0.295*x(1)^2+25.1*x(2)^2+30.4*x(3)^2-28.1*x(4)^2;
             (-2.35*x(1)*x(2))-10.7*x(1)-63.3*x(2)+10.9*x(1)*x(3)+93.5*x(3)+0.108*x(1)*x(4)-25.1*x(4)-76.8*x(2)*x(3)+37.9*x(2)*x(4)-9.31*x(3)*x(4)-0.295*x(1)^2+25.1*x(2)^2+30.4*x(3)^2-28.1*x(4)^2;
             (-2.35*x(1)*x(2))-10.7*x(1)-63.3*x(2)+10.9*x(1)*x(3)+93.5*x(3)+0.108*x(1)*x(4)-25.1*x(4)-76.8*x(2)*x(3)+37.9*x(2)*x(4)-9.31*x(3)*x(4)-0.295*x(1)^2+25.1*x(2)^2+30.4*x(3)^2-28.1*x(4)^2;
             (-2.35*x(1)*x(2))-10.7*x(1)-63.3*x(2)+10.9*x(1)*x(3)+93.5*x(3)+0.108*x(1)*x(4)-25.1*x(4)-76.8*x(2)*x(3)+37.9*x(2)*x(4)-9.31*x(3)*x(4)-0.295*x(1)^2+25.1*x(2)^2+30.4*x(3)^2-28.1*x(4)^2;
             (-2.35*x(1)*x(2))-10.7*x(1)-63.3*x(2)+10.9*x(1)*x(3)+93.5*x(3)+0.108*x(1)*x(4)-25.1*x(4)-76.8*x(2)*x(3)+37.9*x(2)*x(4)-9.31*x(3)*x(4)-0.295*x(1)^2+25.1*x(2)^2+30.4*x(3)^2-28.1*x(4)^2;
             (-2.35*x(1)*x(2))-10.7*x(1)-63.3*x(2)+10.9*x(1)*x(3)+93.5*x(3)+0.108*x(1)*x(4)-25.1*x(4)-76.8*x(2)*x(3)+37.9*x(2)*x(4)-9.31*x(3)*x(4)-0.295*x(1)^2+25.1*x(2)^2+30.4*x(3)^2-28.1*x(4)^2;
             (-2.35*x(1)*x(2))-10.7*x(1)-63.3*x(2)+10.9*x(1)*x(3)+93.5*x(3)+0.108*x(1)*x(4)-25.1*x(4)-76.8*x(2)*x(3)+37.9*x(2)*x(4)-9.31*x(3)*x(4)-0.295*x(1)^2+25.1*x(2)^2+30.4*x(3)^2-28.1*x(4)^2;
             (-2.35*x(1)*x(2))-10.7*x(1)-63.3*x(2)+10.9*x(1)*x(3)+93.5*x(3)+0.108*x(1)*x(4)-25.1*x(4)-76.8*x(2)*x(3)+37.9*x(2)*x(4)-9.31*x(3)*x(4)-0.295*x(1)^2+25.1*x(2)^2+30.4*x(3)^2-28.1*x(4)^2;
             (-2.35*x(1)*x(2))-10.7*x(1)-63.3*x(2)+10.9*x(1)*x(3)+93.5*x(3)+0.108*x(1)*x(4)-25.1*x(4)-76.8*x(2)*x(3)+37.9*x(2)*x(4)-9.31*x(3)*x(4)-0.295*x(1)^2+25.1*x(2)^2+30.4*x(3)^2-28.1*x(4)^2;
             (-2.35*x(1)*x(2))-10.7*x(1)-63.3*x(2)+10.9*x(1)*x(3)+93.5*x(3)+0.108*x(1)*x(4)-25.1*x(4)-76.8*x(2)*x(3)+37.9*x(2)*x(4)-9.31*x(3)*x(4)-0.295*x(1)^2+25.1*x(2)^2+30.4*x(3)^2-28.1*x(4)^2;
             (-2.35*x(1)*x(2))-10.7*x(1)-63.3*x(2)+10.9*x(1)*x(3)+93.5*x(3)+0.108*x(1)*x(4)-25.1*x(4)-76.8*x(2)*x(3)+37.9*x(2)*x(4)-9.31*x(3)*x(4)-0.295*x(1)^2+25.1*x(2)^2+30.4*x(3)^2-28.1*x(4)^2;
             (-1.92*x(1)*x(2))-30.3*x(1)-269*x(2)+36.2*x(1)*x(3)+378*x(3)-5.18*x(1)*x(4)-145*x(4)-286*x(2)*x(3)+167*x(2)*x(4)-19.2*x(3)*x(4)-1.44*x(1)^2+79.7*x(2)^2+103*x(3)^2-108*x(4)^2;
             (-1.92*x(1)*x(2))-30.3*x(1)-269*x(2)+36.2*x(1)*x(3)+378*x(3)-5.18*x(1)*x(4)-145*x(4)-286*x(2)*x(3)+167*x(2)*x(4)-19.2*x(3)*x(4)-1.44*x(1)^2+79.7*x(2)^2+103*x(3)^2-108*x(4)^2;
             (-1.92*x(1)*x(2))-30.3*x(1)-269*x(2)+36.2*x(1)*x(3)+378*x(3)-5.18*x(1)*x(4)-145*x(4)-286*x(2)*x(3)+167*x(2)*x(4)-19.2*x(3)*x(4)-1.44*x(1)^2+79.7*x(2)^2+103*x(3)^2-108*x(4)^2;
             (-1.92*x(1)*x(2))-30.3*x(1)-269*x(2)+36.2*x(1)*x(3)+378*x(3)-5.18*x(1)*x(4)-145*x(4)-286*x(2)*x(3)+167*x(2)*x(4)-19.2*x(3)*x(4)-1.44*x(1)^2+79.7*x(2)^2+103*x(3)^2-108*x(4)^2;
             (-1.92*x(1)*x(2))-30.3*x(1)-269*x(2)+36.2*x(1)*x(3)+378*x(3)-5.18*x(1)*x(4)-145*x(4)-286*x(2)*x(3)+167*x(2)*x(4)-19.2*x(3)*x(4)-1.44*x(1)^2+79.7*x(2)^2+103*x(3)^2-108*x(4)^2;
             (-1.92*x(1)*x(2))-30.3*x(1)-269*x(2)+36.2*x(1)*x(3)+378*x(3)-5.18*x(1)*x(4)-145*x(4)-286*x(2)*x(3)+167*x(2)*x(4)-19.2*x(3)*x(4)-1.44*x(1)^2+79.7*x(2)^2+103*x(3)^2-108*x(4)^2;
             (-1.92*x(1)*x(2))-30.3*x(1)-269*x(2)+36.2*x(1)*x(3)+378*x(3)-5.18*x(1)*x(4)-145*x(4)-286*x(2)*x(3)+167*x(2)*x(4)-19.2*x(3)*x(4)-1.44*x(1)^2+79.7*x(2)^2+103*x(3)^2-108*x(4)^2;
             (-1.92*x(1)*x(2))-30.3*x(1)-269*x(2)+36.2*x(1)*x(3)+378*x(3)-5.18*x(1)*x(4)-145*x(4)-286*x(2)*x(3)+167*x(2)*x(4)-19.2*x(3)*x(4)-1.44*x(1)^2+79.7*x(2)^2+103*x(3)^2-108*x(4)^2;
             (-1.92*x(1)*x(2))-30.3*x(1)-269*x(2)+36.2*x(1)*x(3)+378*x(3)-5.18*x(1)*x(4)-145*x(4)-286*x(2)*x(3)+167*x(2)*x(4)-19.2*x(3)*x(4)-1.44*x(1)^2+79.7*x(2)^2+103*x(3)^2-108*x(4)^2;
             (-1.92*x(1)*x(2))-30.3*x(1)-269*x(2)+36.2*x(1)*x(3)+378*x(3)-5.18*x(1)*x(4)-145*x(4)-286*x(2)*x(3)+167*x(2)*x(4)-19.2*x(3)*x(4)-1.44*x(1)^2+79.7*x(2)^2+103*x(3)^2-108*x(4)^2;
             (-1.92*x(1)*x(2))-30.3*x(1)-269*x(2)+36.2*x(1)*x(3)+378*x(3)-5.18*x(1)*x(4)-145*x(4)-286*x(2)*x(3)+167*x(2)*x(4)-19.2*x(3)*x(4)-1.44*x(1)^2+79.7*x(2)^2+103*x(3)^2-108*x(4)^2;
             (-1.92*x(1)*x(2))-30.3*x(1)-269*x(2)+36.2*x(1)*x(3)+378*x(3)-5.18*x(1)*x(4)-145*x(4)-286*x(2)*x(3)+167*x(2)*x(4)-19.2*x(3)*x(4)-1.44*x(1)^2+79.7*x(2)^2+103*x(3)^2-108*x(4)^2;
             (-1.92*x(1)*x(2))-30.3*x(1)-269*x(2)+36.2*x(1)*x(3)+378*x(3)-5.18*x(1)*x(4)-145*x(4)-286*x(2)*x(3)+167*x(2)*x(4)-19.2*x(3)*x(4)-1.44*x(1)^2+79.7*x(2)^2+103*x(3)^2-108*x(4)^2;
             (-1.92*x(1)*x(2))-30.3*x(1)-269*x(2)+36.2*x(1)*x(3)+378*x(3)-5.18*x(1)*x(4)-145*x(4)-286*x(2)*x(3)+167*x(2)*x(4)-19.2*x(3)*x(4)-1.44*x(1)^2+79.7*x(2)^2+103*x(3)^2-108*x(4)^2;
             (-1.92*x(1)*x(2))-30.3*x(1)-269*x(2)+36.2*x(1)*x(3)+378*x(3)-5.18*x(1)*x(4)-145*x(4)-286*x(2)*x(3)+167*x(2)*x(4)-19.2*x(3)*x(4)-1.44*x(1)^2+79.7*x(2)^2+103*x(3)^2-108*x(4)^2;
             (-30.8*x(1)*x(2))-346*x(1)+659*x(2)+106*x(1)*x(3)+634*x(3)-260*x(1)*x(4)-629*x(4)-121*x(2)*x(3)+878*x(2)*x(4)+33.5*x(3)*x(4)+22.9*x(1)^2-110*x(2)^2-298*x(3)^2+52.8*x(4)^2;
             (-30.8*x(1)*x(2))-346*x(1)+659*x(2)+106*x(1)*x(3)+634*x(3)-260*x(1)*x(4)-629*x(4)-121*x(2)*x(3)+878*x(2)*x(4)+33.5*x(3)*x(4)+22.9*x(1)^2-110*x(2)^2-298*x(3)^2+52.8*x(4)^2;
             (-30.8*x(1)*x(2))-346*x(1)+659*x(2)+106*x(1)*x(3)+634*x(3)-260*x(1)*x(4)-629*x(4)-121*x(2)*x(3)+878*x(2)*x(4)+33.5*x(3)*x(4)+22.9*x(1)^2-110*x(2)^2-298*x(3)^2+52.8*x(4)^2;
             (-30.8*x(1)*x(2))-346*x(1)+659*x(2)+106*x(1)*x(3)+634*x(3)-260*x(1)*x(4)-629*x(4)-121*x(2)*x(3)+878*x(2)*x(4)+33.5*x(3)*x(4)+22.9*x(1)^2-110*x(2)^2-298*x(3)^2+52.8*x(4)^2;
             (-30.8*x(1)*x(2))-346*x(1)+659*x(2)+106*x(1)*x(3)+634*x(3)-260*x(1)*x(4)-629*x(4)-121*x(2)*x(3)+878*x(2)*x(4)+33.5*x(3)*x(4)+22.9*x(1)^2-110*x(2)^2-298*x(3)^2+52.8*x(4)^2;
             (-30.8*x(1)*x(2))-346*x(1)+659*x(2)+106*x(1)*x(3)+634*x(3)-260*x(1)*x(4)-629*x(4)-121*x(2)*x(3)+878*x(2)*x(4)+33.5*x(3)*x(4)+22.9*x(1)^2-110*x(2)^2-298*x(3)^2+52.8*x(4)^2;
             (-30.8*x(1)*x(2))-346*x(1)+659*x(2)+106*x(1)*x(3)+634*x(3)-260*x(1)*x(4)-629*x(4)-121*x(2)*x(3)+878*x(2)*x(4)+33.5*x(3)*x(4)+22.9*x(1)^2-110*x(2)^2-298*x(3)^2+52.8*x(4)^2;
             (-30.8*x(1)*x(2))-346*x(1)+659*x(2)+106*x(1)*x(3)+634*x(3)-260*x(1)*x(4)-629*x(4)-121*x(2)*x(3)+878*x(2)*x(4)+33.5*x(3)*x(4)+22.9*x(1)^2-110*x(2)^2-298*x(3)^2+52.8*x(4)^2;
