% MATLAB - BARON Interface [J.Currie I2C2]
% Interface Version: v1.39 [22/05/12]
% File Generated: 22-May-2012 15:59:02
% Model: nonconvex2

% Objective
fun = @(x)250*x(13)^0.6*x(1)+550*x(14)^0.6*x(2)+250*x(15)^0.6*x(3)+1000*x(16)^0.6*x(4)+300*x(17)^0.6*x(5)+800*x(18)^0.6*x(6)+200*x(19)^0.6*x(7)+1200*x(20)^0.6*x(8)+250*x(21)^0.6*x(9)+250*x(22)^0.6*x(10)+450*x(23)^0.6*x(11)+700*x(24)^0.6*x(12);

% Bounds
lb = [1,1,1,1,1,1,1,1,1,1,1,1,300,300,300,300,300,300,300,300,300,300,300,300,134.183333333333,67.32,126.933333333333,33.0166666666667,68.97,37.5416666666667,42.24,20.7833333333333,1.66,1.36,2.38,0.7,1.14,0.85,0.88,0.86,-Inf,-Inf,-Inf,-Inf,-Inf,-Inf,-Inf,-Inf,-Inf,-Inf,-Inf,-Inf,-Inf,-Inf,-Inf,-Inf,-Inf,-Inf,-Inf,-Inf,-Inf,-Inf,-Inf,-Inf,-Inf,-Inf,-Inf,-Inf,-Inf,-Inf,-Inf,-Inf,-Inf,-Inf,-Inf,-Inf]';
ub = [5,5,5,5,5,5,5,5,5,5,5,5,3000,3000,3000,3000,3000,3000,3000,3000,3000,3000,3000,3000,379.746835443038,882.352941176471,652.173913043478,638.297872340426,666.666666666667,441.176470588235,576.923076923077,1363.63636363636,8.3,6.8,11.9,3.5,5.7,4.25,4.4,4.3,Inf,Inf,Inf,Inf,Inf,Inf,Inf,Inf,Inf,Inf,Inf,Inf,Inf,Inf,Inf,Inf,Inf,Inf,Inf,Inf,Inf,Inf,Inf,Inf,Inf,Inf,Inf,Inf,Inf,Inf,Inf,Inf,Inf,Inf,Inf,Inf]';

% Constraints
nlcon = @(x)[x(13)-7.9*x(25);
             x(14)-2*x(25);
             x(15)-5.2*x(25);
             x(16)-4.9*x(25);
             x(17)-6.1*x(25);
             x(18)-4.2*x(25);
             x(19)-2.8*x(25);
             x(20)-3.3*x(25);
             x(21)-4.1*x(25);
             x(22)-3.8*x(25);
             x(23)-2.8*x(25);
             x(24)-3.9*x(25);
             x(13)-0.7*x(26);
             x(14)-0.8*x(26);
             x(15)-0.9*x(26);
             x(16)-3.4*x(26);
             x(17)-2.1*x(26);
             x(18)-2.5*x(26);
             x(19)-3.3*x(26);
             x(20)-3*x(26);
             x(21)-2.7*x(26);
             x(22)-2.4*x(26);
             x(23)-2.2*x(26);
             x(24)-3.1*x(26);
             x(13)-0.7*x(27);
             x(14)-2.6*x(27);
             x(15)-1.6*x(27);
             x(16)-3.6*x(27);
             x(17)-3.2*x(27);
             x(18)-2.9*x(27);
             x(19)-2.6*x(27);
             x(20)-2.2*x(27);
             x(21)-4.6*x(27);
             x(22)-4.3*x(27);
             x(23)-4.2*x(27);
             x(24)-4.6*x(27);
             x(13)-4.7*x(28);
             x(14)-2.3*x(28);
             x(15)-1.6*x(28);
             x(16)-2.7*x(28);
             x(17)-1.2*x(28);
             x(18)-2.5*x(28);
             x(19)-1.5*x(28);
             x(20)-1.5*x(28);
             x(21)-1.3*x(28);
             x(22)-1.7*x(28);
             x(23)-1.5*x(28);
             x(24)-1.8*x(28);
             x(13)-1.2*x(29);
             x(14)-3.6*x(29);
             x(15)-2.4*x(29);
             x(16)-4.5*x(29);
             x(17)-1.6*x(29);
             x(18)-2.1*x(29);
             x(19)-2.4*x(29);
             x(20)-2.7*x(29);
             x(21)-2.8*x(29);
             x(22)-3.5*x(29);
             x(23)-3.5*x(29);
             x(24)-4.3*x(29);
             x(13)-0.7*x(30);
             x(14)-2.4*x(30);
             x(15)-3.1*x(30);
             x(16)-2.2*x(30);
             x(17)-3.7*x(30);
             x(18)-4.8*x(30);
             x(19)-4.5*x(30);
             x(20)-5.2*x(30);
             x(21)-6.4*x(30);
             x(22)-5.7*x(30);
             x(23)-6.4*x(30);
             x(24)-6.8*x(30);
             x(13)-2.3*x(31);
             x(14)-4.7*x(31);
             x(15)-5.2*x(31);
             x(16)-3.5*x(31);
             x(17)-2.9*x(31);
             x(18)-3.6*x(31);
             x(19)-3.3*x(31);
             x(20)-3.2*x(31);
             x(21)-4.1*x(31);
             x(22)-3.7*x(31);
             x(23)-3.4*x(31);
             x(24)-3.7*x(31);
             x(13)-0.4*x(32);
             x(14)-0.9*x(32);
             x(15)-1.1*x(32);
             x(16)-1.4*x(32);
             x(17)-1.6*x(32);
             x(18)-2.2*x(32);
             x(19)-2*x(32);
             x(20)-1.8*x(32);
             x(21)-1.8*x(32);
             x(22)-1.6*x(32);
             x(23)-1.8*x(32);
             x(24)-2*x(32);
             x(1)*x(33);
             x(2)*x(33);
             x(3)*x(33);
             x(4)*x(33);
             x(5)*x(33);
             x(6)*x(33);
             x(7)*x(33);
             x(8)*x(33);
             x(9)*x(33);
             x(10)*x(33);
             x(11)*x(33);
             x(12)*x(33);
             x(1)*x(34);
             x(2)*x(34);
             x(3)*x(34);
             x(4)*x(34);
             x(5)*x(34);
             x(6)*x(34);
             x(7)*x(34);
             x(8)*x(34);
             x(9)*x(34);
             x(10)*x(34);
             x(11)*x(34);
             x(12)*x(34);
             x(1)*x(35);
             x(2)*x(35);
             x(3)*x(35);
             x(4)*x(35);
             x(5)*x(35);
             x(6)*x(35);
             x(7)*x(35);
             x(8)*x(35);
             x(9)*x(35);
             x(10)*x(35);
             x(11)*x(35);
             x(12)*x(35);
             x(1)*x(36);
             x(2)*x(36);
             x(3)*x(36);
             x(4)*x(36);
             x(5)*x(36);
             x(6)*x(36);
             x(7)*x(36);
             x(8)*x(36);
             x(9)*x(36);
             x(10)*x(36);
             x(11)*x(36);
             x(12)*x(36);
             x(1)*x(37);
             x(2)*x(37);
             x(3)*x(37);
             x(4)*x(37);
             x(5)*x(37);
             x(6)*x(37);
             x(7)*x(37);
             x(8)*x(37);
             x(9)*x(37);
             x(10)*x(37);
             x(11)*x(37);
             x(12)*x(37);
             x(1)*x(38);
             x(2)*x(38);
             x(3)*x(38);
             x(4)*x(38);
             x(5)*x(38);
             x(6)*x(38);
             x(7)*x(38);
             x(8)*x(38);
             x(9)*x(38);
             x(10)*x(38);
             x(11)*x(38);
             x(12)*x(38);
             x(1)*x(39);
             x(2)*x(39);
             x(3)*x(39);
             x(4)*x(39);
             x(5)*x(39);
             x(6)*x(39);
             x(7)*x(39);
             x(8)*x(39);
             x(9)*x(39);
             x(10)*x(39);
             x(11)*x(39);
             x(12)*x(39);
             x(1)*x(40);
             x(2)*x(40);
             x(3)*x(40);
             x(4)*x(40);
             x(5)*x(40);
             x(6)*x(40);
             x(7)*x(40);
             x(8)*x(40);
             x(9)*x(40);
             x(10)*x(40);
             x(11)*x(40);
             x(12)*x(40);
             485000*x(33)/x(25)+297000*x(34)/x(26)+320000*x(35)/x(27)+283000*x(36)/x(28)+363000*x(37)/x(29)+265000*x(38)/x(30)+288000*x(39)/x(31)+145000*x(40)/x(32);
             x(1)-x(41)-2*x(53)-4*x(65);
             x(2)-x(42)-2*x(54)-4*x(66);
             x(3)-x(43)-2*x(55)-4*x(67);
             x(4)-x(44)-2*x(56)-4*x(68);
             x(5)-x(45)-2*x(57)-4*x(69);
             x(6)-x(46)-2*x(58)-4*x(70);
             x(7)-x(47)-2*x(59)-4*x(71);
             x(8)-x(48)-2*x(60)-4*x(72);
             x(9)-x(49)-2*x(61)-4*x(73);
             x(10)-x(50)-2*x(62)-4*x(74);
             x(11)-x(51)-2*x(63)-4*x(75);
             x(12)-x(52)-2*x(64)-4*x(76)];
cl = [0,0,0,0,0,0,0,0,0,0,0,0,0,0,0,0,0,0,0,0,0,0,0,0,0,0,0,0,0,0,0,0,0,0,0,0,0,0,0,0,0,0,0,0,0,0,0,0,0,0,0,0,0,0,0,0,0,0,0,0,0,0,0,0,0,0,0,0,0,0,0,0,0,0,0,0,0,0,0,0,0,0,0,0,0,0,0,0,0,0,0,0,0,0,0,0,6.4,4.7,8.3,3.9,2.1,1.2,0.8,2.2,1.2,2.5,3.4,3.8,6.8,6.4,6.5,4.4,2.3,3.2,0.4,0.2,0.5,3.3,0.6,1.2,1,6.3,5.4,11.9,5.7,6.2,1.1,0.6,1.2,4.3,2.8,5.2,3.2,3,3.5,3.3,2.8,3.4,1.7,0.9,2.2,2.15,1.8,2.5,2.1,2.5,4.2,3.6,5.7,2.2,1.2,0.6,1.15,3.1,4.2,1.6,1.1,0.8,0.4,1.1,1.8,2.5,0.5,1.3,1.4,4.25,2.7,0.9,4.2,4,2.2,0.5,3.4,2.2,1.4,0.9,2.1,4.4,2.2,3.2,2.7,4.3,1.9,2,1.7,0.7,0.3,0.2,1.6,3.5,3.4,2.1,-Inf,1,1,1,1,1,1,1,1,1,1,1,1]';
